c FILE: sudoku.txt
c
c SOURCE: Amauri Aires B. Filho and Weslley Nojosa Costa.
111 112 113 114 115 116 117 118 119 0
211 212 213 214 215 216 217 218 219 0
311 312 313 314 315 316 317 318 319 0
411 412 413 414 415 416 417 418 419 0
511 512 513 514 515 516 517 518 519 0
611 612 613 614 615 616 617 618 619 0
711 712 713 714 715 716 717 718 719 0
811 812 813 814 815 816 817 818 819 0
911 912 913 914 915 916 917 918 919 0
121 122 123 124 125 126 127 128 129 0
221 222 223 224 225 226 227 228 229 0
321 322 323 324 325 326 327 328 329 0
421 422 423 424 425 426 427 428 429 0
521 522 523 524 525 526 527 528 529 0
621 622 623 624 625 626 627 628 629 0
721 722 723 724 725 726 727 728 729 0
821 822 823 824 825 826 827 828 829 0
921 922 923 924 925 926 927 928 929 0
131 132 133 134 135 136 137 138 139 0
231 232 233 234 235 236 237 238 239 0
331 332 333 334 335 336 337 338 339 0
431 432 433 434 435 436 437 438 439 0
531 532 533 534 535 536 537 538 539 0
631 632 633 634 635 636 637 638 639 0
731 732 733 734 735 736 737 738 739 0
831 832 833 834 835 836 837 838 839 0
931 932 933 934 935 936 937 938 939 0
141 142 143 144 145 146 147 148 149 0
241 242 243 244 245 246 247 248 249 0
341 342 343 344 345 346 347 348 349 0
441 442 443 444 445 446 447 448 449 0
541 542 543 544 545 546 547 548 549 0
641 642 643 644 645 646 647 648 649 0
741 742 743 744 745 746 747 748 749 0
841 842 843 844 845 846 847 848 849 0
941 942 943 944 945 946 947 948 949 0
151 152 153 154 155 156 157 158 159 0
251 252 253 254 255 256 257 258 259 0
351 352 353 354 355 356 357 358 359 0
451 452 453 454 455 456 457 458 459 0
551 552 553 554 555 556 557 558 559 0
651 652 653 654 655 656 657 658 659 0
751 752 753 754 755 756 757 758 759 0
851 852 853 854 855 856 857 858 859 0
951 952 953 954 955 956 957 958 959 0
161 162 163 164 165 166 167 168 169 0
261 262 263 264 265 266 267 268 269 0
361 362 363 364 365 366 367 368 369 0
461 462 463 464 465 466 467 468 469 0
561 562 563 564 565 566 567 568 569 0
661 662 663 664 665 666 667 668 669 0
761 762 763 764 765 766 767 768 769 0
861 862 863 864 865 866 867 868 869 0
961 962 963 964 965 966 967 968 969 0
171 172 173 174 175 176 177 178 179 0
271 272 273 274 275 276 277 278 279 0
371 372 373 374 375 376 377 378 379 0
471 472 473 474 475 476 477 478 479 0
571 572 573 574 575 576 577 578 579 0
671 672 673 674 675 676 677 678 679 0
771 772 773 774 775 776 777 778 779 0
871 872 873 874 875 876 877 878 879 0
971 972 973 974 975 976 977 978 979 0
181 182 183 184 185 186 187 188 189 0
281 282 283 284 285 286 287 288 289 0
381 382 383 384 385 386 387 388 389 0
481 482 483 484 485 486 487 488 489 0
581 582 583 584 585 586 587 588 589 0
681 682 683 684 685 686 687 688 689 0
781 782 783 784 785 786 787 788 789 0
881 882 883 884 885 886 887 888 889 0
981 982 983 984 985 986 987 988 989 0
191 192 193 194 195 196 197 198 199 0
291 292 293 294 295 296 297 298 299 0
391 392 393 394 395 396 397 398 399 0
491 492 493 494 495 496 497 498 499 0
591 592 593 594 595 596 597 598 599 0
691 692 693 694 695 696 697 698 699 0
791 792 793 794 795 796 797 798 799 0
891 892 893 894 895 896 897 898 899 0
991 992 993 994 995 996 997 998 999 0
111 121 131 141 151 161 171 181 191 0
211 221 231 241 251 261 271 281 291 0
311 321 331 341 351 361 371 381 391 0
411 421 431 441 451 461 471 481 491 0
511 521 531 541 551 561 571 581 591 0
611 621 631 641 651 661 671 681 691 0
711 721 731 741 751 761 771 781 791 0
811 821 831 841 851 861 871 881 891 0
911 921 931 941 951 961 971 981 991 0
112 122 132 142 152 162 172 182 192 0
212 222 232 242 252 262 272 282 292 0
312 322 332 342 352 362 372 382 392 0
412 422 432 442 452 462 472 482 492 0
512 522 532 542 552 562 572 582 592 0
612 622 632 642 652 662 672 682 692 0
712 722 732 742 752 762 772 782 792 0
812 822 832 842 852 862 872 882 892 0
912 922 932 942 952 962 972 982 992 0
113 123 133 143 153 163 173 183 193 0
213 223 233 243 253 263 273 283 293 0
313 323 333 343 353 363 373 383 393 0
413 423 433 443 453 463 473 483 493 0
513 523 533 543 553 563 573 583 593 0
613 623 633 643 653 663 673 683 693 0
713 723 733 743 753 763 773 783 793 0
813 823 833 843 853 863 873 883 893 0
913 923 933 943 953 963 973 983 993 0
114 124 134 144 154 164 174 184 194 0
214 224 234 244 254 264 274 284 294 0
314 324 334 344 354 364 374 384 394 0
414 424 434 444 454 464 474 484 494 0
514 524 534 544 554 564 574 584 594 0
614 624 634 644 654 664 674 684 694 0
714 724 734 744 754 764 774 784 794 0
814 824 834 844 854 864 874 884 894 0
914 924 934 944 954 964 974 984 994 0
115 125 135 145 155 165 175 185 195 0
215 225 235 245 255 265 275 285 295 0
315 325 335 345 355 365 375 385 395 0
415 425 435 445 455 465 475 485 495 0
515 525 535 545 555 565 575 585 595 0
615 625 635 645 655 665 675 685 695 0
715 725 735 745 755 765 775 785 795 0
815 825 835 845 855 865 875 885 895 0
915 925 935 945 955 965 975 985 995 0
116 126 136 146 156 166 176 186 196 0
216 226 236 246 256 266 276 286 296 0
316 326 336 346 356 366 376 386 396 0
416 426 436 446 456 466 476 486 496 0
516 526 536 546 556 566 576 586 596 0
616 626 636 646 656 666 676 686 696 0
716 726 736 746 756 766 776 786 796 0
816 826 836 846 856 866 876 886 896 0
916 926 936 946 956 966 976 986 996 0
117 127 137 147 157 167 177 187 197 0
217 227 237 247 257 267 277 287 297 0
317 327 337 347 357 367 377 387 397 0
417 427 437 447 457 467 477 487 497 0
517 527 537 547 557 567 577 587 597 0
617 627 637 647 657 667 677 687 697 0
717 727 737 747 757 767 777 787 797 0
817 827 837 847 857 867 877 887 897 0
917 927 937 947 957 967 977 987 997 0
118 128 138 148 158 168 178 188 198 0
218 228 238 248 258 268 278 288 298 0
318 328 338 348 358 368 378 388 398 0
418 428 438 448 458 468 478 488 498 0
518 528 538 548 558 568 578 588 598 0
618 628 638 648 658 668 678 688 698 0
718 728 738 748 758 768 778 788 798 0
818 828 838 848 858 868 878 888 898 0
918 928 938 948 958 968 978 988 998 0
119 129 139 149 159 169 179 189 199 0
219 229 239 249 259 269 279 289 299 0
319 329 339 349 359 369 379 389 399 0
419 429 439 449 459 469 479 489 499 0
519 529 539 549 559 569 579 589 599 0
619 629 639 649 659 669 679 689 699 0
719 729 739 749 759 769 779 789 799 0
819 829 839 849 859 869 879 889 899 0
919 929 939 949 959 969 979 989 999 0
-111 -211 0
-111 -311 0
-111 -411 0
-111 -511 0
-111 -611 0
-111 -711 0
-111 -811 0
-111 -911 0
-112 -212 0
-112 -312 0
-112 -412 0
-112 -512 0
-112 -612 0
-112 -712 0
-112 -812 0
-112 -912 0
-113 -213 0
-113 -313 0
-113 -413 0
-113 -513 0
-113 -613 0
-113 -713 0
-113 -813 0
-113 -913 0
-114 -214 0
-114 -314 0
-114 -414 0
-114 -514 0
-114 -614 0
-114 -714 0
-114 -814 0
-114 -914 0
-115 -215 0
-115 -315 0
-115 -415 0
-115 -515 0
-115 -615 0
-115 -715 0
-115 -815 0
-115 -915 0
-116 -216 0
-116 -316 0
-116 -416 0
-116 -516 0
-116 -616 0
-116 -716 0
-116 -816 0
-116 -916 0
-117 -217 0
-117 -317 0
-117 -417 0
-117 -517 0
-117 -617 0
-117 -717 0
-117 -817 0
-117 -917 0
-118 -218 0
-118 -318 0
-118 -418 0
-118 -518 0
-118 -618 0
-118 -718 0
-118 -818 0
-118 -918 0
-119 -219 0
-119 -319 0
-119 -419 0
-119 -519 0
-119 -619 0
-119 -719 0
-119 -819 0
-119 -919 0
-121 -221 0
-121 -321 0
-121 -421 0
-121 -521 0
-121 -621 0
-121 -721 0
-121 -821 0
-121 -921 0
-122 -222 0
-122 -322 0
-122 -422 0
-122 -522 0
-122 -622 0
-122 -722 0
-122 -822 0
-122 -922 0
-123 -223 0
-123 -323 0
-123 -423 0
-123 -523 0
-123 -623 0
-123 -723 0
-123 -823 0
-123 -923 0
-124 -224 0
-124 -324 0
-124 -424 0
-124 -524 0
-124 -624 0
-124 -724 0
-124 -824 0
-124 -924 0
-125 -225 0
-125 -325 0
-125 -425 0
-125 -525 0
-125 -625 0
-125 -725 0
-125 -825 0
-125 -925 0
-126 -226 0
-126 -326 0
-126 -426 0
-126 -526 0
-126 -626 0
-126 -726 0
-126 -826 0
-126 -926 0
-127 -227 0
-127 -327 0
-127 -427 0
-127 -527 0
-127 -627 0
-127 -727 0
-127 -827 0
-127 -927 0
-128 -228 0
-128 -328 0
-128 -428 0
-128 -528 0
-128 -628 0
-128 -728 0
-128 -828 0
-128 -928 0
-129 -229 0
-129 -329 0
-129 -429 0
-129 -529 0
-129 -629 0
-129 -729 0
-129 -829 0
-129 -929 0
-131 -231 0
-131 -331 0
-131 -431 0
-131 -531 0
-131 -631 0
-131 -731 0
-131 -831 0
-131 -931 0
-132 -232 0
-132 -332 0
-132 -432 0
-132 -532 0
-132 -632 0
-132 -732 0
-132 -832 0
-132 -932 0
-133 -233 0
-133 -333 0
-133 -433 0
-133 -533 0
-133 -633 0
-133 -733 0
-133 -833 0
-133 -933 0
-134 -234 0
-134 -334 0
-134 -434 0
-134 -534 0
-134 -634 0
-134 -734 0
-134 -834 0
-134 -934 0
-135 -235 0
-135 -335 0
-135 -435 0
-135 -535 0
-135 -635 0
-135 -735 0
-135 -835 0
-135 -935 0
-136 -236 0
-136 -336 0
-136 -436 0
-136 -536 0
-136 -636 0
-136 -736 0
-136 -836 0
-136 -936 0
-137 -237 0
-137 -337 0
-137 -437 0
-137 -537 0
-137 -637 0
-137 -737 0
-137 -837 0
-137 -937 0
-138 -238 0
-138 -338 0
-138 -438 0
-138 -538 0
-138 -638 0
-138 -738 0
-138 -838 0
-138 -938 0
-139 -239 0
-139 -339 0
-139 -439 0
-139 -539 0
-139 -639 0
-139 -739 0
-139 -839 0
-139 -939 0
-141 -241 0
-141 -341 0
-141 -441 0
-141 -541 0
-141 -641 0
-141 -741 0
-141 -841 0
-141 -941 0
-142 -242 0
-142 -342 0
-142 -442 0
-142 -542 0
-142 -642 0
-142 -742 0
-142 -842 0
-142 -942 0
-143 -243 0
-143 -343 0
-143 -443 0
-143 -543 0
-143 -643 0
-143 -743 0
-143 -843 0
-143 -943 0
-144 -244 0
-144 -344 0
-144 -444 0
-144 -544 0
-144 -644 0
-144 -744 0
-144 -844 0
-144 -944 0
-145 -245 0
-145 -345 0
-145 -445 0
-145 -545 0
-145 -645 0
-145 -745 0
-145 -845 0
-145 -945 0
-146 -246 0
-146 -346 0
-146 -446 0
-146 -546 0
-146 -646 0
-146 -746 0
-146 -846 0
-146 -946 0
-147 -247 0
-147 -347 0
-147 -447 0
-147 -547 0
-147 -647 0
-147 -747 0
-147 -847 0
-147 -947 0
-148 -248 0
-148 -348 0
-148 -448 0
-148 -548 0
-148 -648 0
-148 -748 0
-148 -848 0
-148 -948 0
-149 -249 0
-149 -349 0
-149 -449 0
-149 -549 0
-149 -649 0
-149 -749 0
-149 -849 0
-149 -949 0
-151 -251 0
-151 -351 0
-151 -451 0
-151 -551 0
-151 -651 0
-151 -751 0
-151 -851 0
-151 -951 0
-152 -252 0
-152 -352 0
-152 -452 0
-152 -552 0
-152 -652 0
-152 -752 0
-152 -852 0
-152 -952 0
-153 -253 0
-153 -353 0
-153 -453 0
-153 -553 0
-153 -653 0
-153 -753 0
-153 -853 0
-153 -953 0
-154 -254 0
-154 -354 0
-154 -454 0
-154 -554 0
-154 -654 0
-154 -754 0
-154 -854 0
-154 -954 0
-155 -255 0
-155 -355 0
-155 -455 0
-155 -555 0
-155 -655 0
-155 -755 0
-155 -855 0
-155 -955 0
-156 -256 0
-156 -356 0
-156 -456 0
-156 -556 0
-156 -656 0
-156 -756 0
-156 -856 0
-156 -956 0
-157 -257 0
-157 -357 0
-157 -457 0
-157 -557 0
-157 -657 0
-157 -757 0
-157 -857 0
-157 -957 0
-158 -258 0
-158 -358 0
-158 -458 0
-158 -558 0
-158 -658 0
-158 -758 0
-158 -858 0
-158 -958 0
-159 -259 0
-159 -359 0
-159 -459 0
-159 -559 0
-159 -659 0
-159 -759 0
-159 -859 0
-159 -959 0
-161 -261 0
-161 -361 0
-161 -461 0
-161 -561 0
-161 -661 0
-161 -761 0
-161 -861 0
-161 -961 0
-162 -262 0
-162 -362 0
-162 -462 0
-162 -562 0
-162 -662 0
-162 -762 0
-162 -862 0
-162 -962 0
-163 -263 0
-163 -363 0
-163 -463 0
-163 -563 0
-163 -663 0
-163 -763 0
-163 -863 0
-163 -963 0
-164 -264 0
-164 -364 0
-164 -464 0
-164 -564 0
-164 -664 0
-164 -764 0
-164 -864 0
-164 -964 0
-165 -265 0
-165 -365 0
-165 -465 0
-165 -565 0
-165 -665 0
-165 -765 0
-165 -865 0
-165 -965 0
-166 -266 0
-166 -366 0
-166 -466 0
-166 -566 0
-166 -666 0
-166 -766 0
-166 -866 0
-166 -966 0
-167 -267 0
-167 -367 0
-167 -467 0
-167 -567 0
-167 -667 0
-167 -767 0
-167 -867 0
-167 -967 0
-168 -268 0
-168 -368 0
-168 -468 0
-168 -568 0
-168 -668 0
-168 -768 0
-168 -868 0
-168 -968 0
-169 -269 0
-169 -369 0
-169 -469 0
-169 -569 0
-169 -669 0
-169 -769 0
-169 -869 0
-169 -969 0
-171 -271 0
-171 -371 0
-171 -471 0
-171 -571 0
-171 -671 0
-171 -771 0
-171 -871 0
-171 -971 0
-172 -272 0
-172 -372 0
-172 -472 0
-172 -572 0
-172 -672 0
-172 -772 0
-172 -872 0
-172 -972 0
-173 -273 0
-173 -373 0
-173 -473 0
-173 -573 0
-173 -673 0
-173 -773 0
-173 -873 0
-173 -973 0
-174 -274 0
-174 -374 0
-174 -474 0
-174 -574 0
-174 -674 0
-174 -774 0
-174 -874 0
-174 -974 0
-175 -275 0
-175 -375 0
-175 -475 0
-175 -575 0
-175 -675 0
-175 -775 0
-175 -875 0
-175 -975 0
-176 -276 0
-176 -376 0
-176 -476 0
-176 -576 0
-176 -676 0
-176 -776 0
-176 -876 0
-176 -976 0
-177 -277 0
-177 -377 0
-177 -477 0
-177 -577 0
-177 -677 0
-177 -777 0
-177 -877 0
-177 -977 0
-178 -278 0
-178 -378 0
-178 -478 0
-178 -578 0
-178 -678 0
-178 -778 0
-178 -878 0
-178 -978 0
-179 -279 0
-179 -379 0
-179 -479 0
-179 -579 0
-179 -679 0
-179 -779 0
-179 -879 0
-179 -979 0
-181 -281 0
-181 -381 0
-181 -481 0
-181 -581 0
-181 -681 0
-181 -781 0
-181 -881 0
-181 -981 0
-182 -282 0
-182 -382 0
-182 -482 0
-182 -582 0
-182 -682 0
-182 -782 0
-182 -882 0
-182 -982 0
-183 -283 0
-183 -383 0
-183 -483 0
-183 -583 0
-183 -683 0
-183 -783 0
-183 -883 0
-183 -983 0
-184 -284 0
-184 -384 0
-184 -484 0
-184 -584 0
-184 -684 0
-184 -784 0
-184 -884 0
-184 -984 0
-185 -285 0
-185 -385 0
-185 -485 0
-185 -585 0
-185 -685 0
-185 -785 0
-185 -885 0
-185 -985 0
-186 -286 0
-186 -386 0
-186 -486 0
-186 -586 0
-186 -686 0
-186 -786 0
-186 -886 0
-186 -986 0
-187 -287 0
-187 -387 0
-187 -487 0
-187 -587 0
-187 -687 0
-187 -787 0
-187 -887 0
-187 -987 0
-188 -288 0
-188 -388 0
-188 -488 0
-188 -588 0
-188 -688 0
-188 -788 0
-188 -888 0
-188 -988 0
-189 -289 0
-189 -389 0
-189 -489 0
-189 -589 0
-189 -689 0
-189 -789 0
-189 -889 0
-189 -989 0
-191 -291 0
-191 -391 0
-191 -491 0
-191 -591 0
-191 -691 0
-191 -791 0
-191 -891 0
-191 -991 0
-192 -292 0
-192 -392 0
-192 -492 0
-192 -592 0
-192 -692 0
-192 -792 0
-192 -892 0
-192 -992 0
-193 -293 0
-193 -393 0
-193 -493 0
-193 -593 0
-193 -693 0
-193 -793 0
-193 -893 0
-193 -993 0
-194 -294 0
-194 -394 0
-194 -494 0
-194 -594 0
-194 -694 0
-194 -794 0
-194 -894 0
-194 -994 0
-195 -295 0
-195 -395 0
-195 -495 0
-195 -595 0
-195 -695 0
-195 -795 0
-195 -895 0
-195 -995 0
-196 -296 0
-196 -396 0
-196 -496 0
-196 -596 0
-196 -696 0
-196 -796 0
-196 -896 0
-196 -996 0
-197 -297 0
-197 -397 0
-197 -497 0
-197 -597 0
-197 -697 0
-197 -797 0
-197 -897 0
-197 -997 0
-198 -298 0
-198 -398 0
-198 -498 0
-198 -598 0
-198 -698 0
-198 -798 0
-198 -898 0
-198 -998 0
-199 -299 0
-199 -399 0
-199 -499 0
-199 -599 0
-199 -699 0
-199 -799 0
-199 -899 0
-199 -999 0
-211 -111 0
-211 -311 0
-211 -411 0
-211 -511 0
-211 -611 0
-211 -711 0
-211 -811 0
-211 -911 0
-212 -112 0
-212 -312 0
-212 -412 0
-212 -512 0
-212 -612 0
-212 -712 0
-212 -812 0
-212 -912 0
-213 -113 0
-213 -313 0
-213 -413 0
-213 -513 0
-213 -613 0
-213 -713 0
-213 -813 0
-213 -913 0
-214 -114 0
-214 -314 0
-214 -414 0
-214 -514 0
-214 -614 0
-214 -714 0
-214 -814 0
-214 -914 0
-215 -115 0
-215 -315 0
-215 -415 0
-215 -515 0
-215 -615 0
-215 -715 0
-215 -815 0
-215 -915 0
-216 -116 0
-216 -316 0
-216 -416 0
-216 -516 0
-216 -616 0
-216 -716 0
-216 -816 0
-216 -916 0
-217 -117 0
-217 -317 0
-217 -417 0
-217 -517 0
-217 -617 0
-217 -717 0
-217 -817 0
-217 -917 0
-218 -118 0
-218 -318 0
-218 -418 0
-218 -518 0
-218 -618 0
-218 -718 0
-218 -818 0
-218 -918 0
-219 -119 0
-219 -319 0
-219 -419 0
-219 -519 0
-219 -619 0
-219 -719 0
-219 -819 0
-219 -919 0
-221 -121 0
-221 -321 0
-221 -421 0
-221 -521 0
-221 -621 0
-221 -721 0
-221 -821 0
-221 -921 0
-222 -122 0
-222 -322 0
-222 -422 0
-222 -522 0
-222 -622 0
-222 -722 0
-222 -822 0
-222 -922 0
-223 -123 0
-223 -323 0
-223 -423 0
-223 -523 0
-223 -623 0
-223 -723 0
-223 -823 0
-223 -923 0
-224 -124 0
-224 -324 0
-224 -424 0
-224 -524 0
-224 -624 0
-224 -724 0
-224 -824 0
-224 -924 0
-225 -125 0
-225 -325 0
-225 -425 0
-225 -525 0
-225 -625 0
-225 -725 0
-225 -825 0
-225 -925 0
-226 -126 0
-226 -326 0
-226 -426 0
-226 -526 0
-226 -626 0
-226 -726 0
-226 -826 0
-226 -926 0
-227 -127 0
-227 -327 0
-227 -427 0
-227 -527 0
-227 -627 0
-227 -727 0
-227 -827 0
-227 -927 0
-228 -128 0
-228 -328 0
-228 -428 0
-228 -528 0
-228 -628 0
-228 -728 0
-228 -828 0
-228 -928 0
-229 -129 0
-229 -329 0
-229 -429 0
-229 -529 0
-229 -629 0
-229 -729 0
-229 -829 0
-229 -929 0
-231 -131 0
-231 -331 0
-231 -431 0
-231 -531 0
-231 -631 0
-231 -731 0
-231 -831 0
-231 -931 0
-232 -132 0
-232 -332 0
-232 -432 0
-232 -532 0
-232 -632 0
-232 -732 0
-232 -832 0
-232 -932 0
-233 -133 0
-233 -333 0
-233 -433 0
-233 -533 0
-233 -633 0
-233 -733 0
-233 -833 0
-233 -933 0
-234 -134 0
-234 -334 0
-234 -434 0
-234 -534 0
-234 -634 0
-234 -734 0
-234 -834 0
-234 -934 0
-235 -135 0
-235 -335 0
-235 -435 0
-235 -535 0
-235 -635 0
-235 -735 0
-235 -835 0
-235 -935 0
-236 -136 0
-236 -336 0
-236 -436 0
-236 -536 0
-236 -636 0
-236 -736 0
-236 -836 0
-236 -936 0
-237 -137 0
-237 -337 0
-237 -437 0
-237 -537 0
-237 -637 0
-237 -737 0
-237 -837 0
-237 -937 0
-238 -138 0
-238 -338 0
-238 -438 0
-238 -538 0
-238 -638 0
-238 -738 0
-238 -838 0
-238 -938 0
-239 -139 0
-239 -339 0
-239 -439 0
-239 -539 0
-239 -639 0
-239 -739 0
-239 -839 0
-239 -939 0
-241 -141 0
-241 -341 0
-241 -441 0
-241 -541 0
-241 -641 0
-241 -741 0
-241 -841 0
-241 -941 0
-242 -142 0
-242 -342 0
-242 -442 0
-242 -542 0
-242 -642 0
-242 -742 0
-242 -842 0
-242 -942 0
-243 -143 0
-243 -343 0
-243 -443 0
-243 -543 0
-243 -643 0
-243 -743 0
-243 -843 0
-243 -943 0
-244 -144 0
-244 -344 0
-244 -444 0
-244 -544 0
-244 -644 0
-244 -744 0
-244 -844 0
-244 -944 0
-245 -145 0
-245 -345 0
-245 -445 0
-245 -545 0
-245 -645 0
-245 -745 0
-245 -845 0
-245 -945 0
-246 -146 0
-246 -346 0
-246 -446 0
-246 -546 0
-246 -646 0
-246 -746 0
-246 -846 0
-246 -946 0
-247 -147 0
-247 -347 0
-247 -447 0
-247 -547 0
-247 -647 0
-247 -747 0
-247 -847 0
-247 -947 0
-248 -148 0
-248 -348 0
-248 -448 0
-248 -548 0
-248 -648 0
-248 -748 0
-248 -848 0
-248 -948 0
-249 -149 0
-249 -349 0
-249 -449 0
-249 -549 0
-249 -649 0
-249 -749 0
-249 -849 0
-249 -949 0
-251 -151 0
-251 -351 0
-251 -451 0
-251 -551 0
-251 -651 0
-251 -751 0
-251 -851 0
-251 -951 0
-252 -152 0
-252 -352 0
-252 -452 0
-252 -552 0
-252 -652 0
-252 -752 0
-252 -852 0
-252 -952 0
-253 -153 0
-253 -353 0
-253 -453 0
-253 -553 0
-253 -653 0
-253 -753 0
-253 -853 0
-253 -953 0
-254 -154 0
-254 -354 0
-254 -454 0
-254 -554 0
-254 -654 0
-254 -754 0
-254 -854 0
-254 -954 0
-255 -155 0
-255 -355 0
-255 -455 0
-255 -555 0
-255 -655 0
-255 -755 0
-255 -855 0
-255 -955 0
-256 -156 0
-256 -356 0
-256 -456 0
-256 -556 0
-256 -656 0
-256 -756 0
-256 -856 0
-256 -956 0
-257 -157 0
-257 -357 0
-257 -457 0
-257 -557 0
-257 -657 0
-257 -757 0
-257 -857 0
-257 -957 0
-258 -158 0
-258 -358 0
-258 -458 0
-258 -558 0
-258 -658 0
-258 -758 0
-258 -858 0
-258 -958 0
-259 -159 0
-259 -359 0
-259 -459 0
-259 -559 0
-259 -659 0
-259 -759 0
-259 -859 0
-259 -959 0
-261 -161 0
-261 -361 0
-261 -461 0
-261 -561 0
-261 -661 0
-261 -761 0
-261 -861 0
-261 -961 0
-262 -162 0
-262 -362 0
-262 -462 0
-262 -562 0
-262 -662 0
-262 -762 0
-262 -862 0
-262 -962 0
-263 -163 0
-263 -363 0
-263 -463 0
-263 -563 0
-263 -663 0
-263 -763 0
-263 -863 0
-263 -963 0
-264 -164 0
-264 -364 0
-264 -464 0
-264 -564 0
-264 -664 0
-264 -764 0
-264 -864 0
-264 -964 0
-265 -165 0
-265 -365 0
-265 -465 0
-265 -565 0
-265 -665 0
-265 -765 0
-265 -865 0
-265 -965 0
-266 -166 0
-266 -366 0
-266 -466 0
-266 -566 0
-266 -666 0
-266 -766 0
-266 -866 0
-266 -966 0
-267 -167 0
-267 -367 0
-267 -467 0
-267 -567 0
-267 -667 0
-267 -767 0
-267 -867 0
-267 -967 0
-268 -168 0
-268 -368 0
-268 -468 0
-268 -568 0
-268 -668 0
-268 -768 0
-268 -868 0
-268 -968 0
-269 -169 0
-269 -369 0
-269 -469 0
-269 -569 0
-269 -669 0
-269 -769 0
-269 -869 0
-269 -969 0
-271 -171 0
-271 -371 0
-271 -471 0
-271 -571 0
-271 -671 0
-271 -771 0
-271 -871 0
-271 -971 0
-272 -172 0
-272 -372 0
-272 -472 0
-272 -572 0
-272 -672 0
-272 -772 0
-272 -872 0
-272 -972 0
-273 -173 0
-273 -373 0
-273 -473 0
-273 -573 0
-273 -673 0
-273 -773 0
-273 -873 0
-273 -973 0
-274 -174 0
-274 -374 0
-274 -474 0
-274 -574 0
-274 -674 0
-274 -774 0
-274 -874 0
-274 -974 0
-275 -175 0
-275 -375 0
-275 -475 0
-275 -575 0
-275 -675 0
-275 -775 0
-275 -875 0
-275 -975 0
-276 -176 0
-276 -376 0
-276 -476 0
-276 -576 0
-276 -676 0
-276 -776 0
-276 -876 0
-276 -976 0
-277 -177 0
-277 -377 0
-277 -477 0
-277 -577 0
-277 -677 0
-277 -777 0
-277 -877 0
-277 -977 0
-278 -178 0
-278 -378 0
-278 -478 0
-278 -578 0
-278 -678 0
-278 -778 0
-278 -878 0
-278 -978 0
-279 -179 0
-279 -379 0
-279 -479 0
-279 -579 0
-279 -679 0
-279 -779 0
-279 -879 0
-279 -979 0
-281 -181 0
-281 -381 0
-281 -481 0
-281 -581 0
-281 -681 0
-281 -781 0
-281 -881 0
-281 -981 0
-282 -182 0
-282 -382 0
-282 -482 0
-282 -582 0
-282 -682 0
-282 -782 0
-282 -882 0
-282 -982 0
-283 -183 0
-283 -383 0
-283 -483 0
-283 -583 0
-283 -683 0
-283 -783 0
-283 -883 0
-283 -983 0
-284 -184 0
-284 -384 0
-284 -484 0
-284 -584 0
-284 -684 0
-284 -784 0
-284 -884 0
-284 -984 0
-285 -185 0
-285 -385 0
-285 -485 0
-285 -585 0
-285 -685 0
-285 -785 0
-285 -885 0
-285 -985 0
-286 -186 0
-286 -386 0
-286 -486 0
-286 -586 0
-286 -686 0
-286 -786 0
-286 -886 0
-286 -986 0
-287 -187 0
-287 -387 0
-287 -487 0
-287 -587 0
-287 -687 0
-287 -787 0
-287 -887 0
-287 -987 0
-288 -188 0
-288 -388 0
-288 -488 0
-288 -588 0
-288 -688 0
-288 -788 0
-288 -888 0
-288 -988 0
-289 -189 0
-289 -389 0
-289 -489 0
-289 -589 0
-289 -689 0
-289 -789 0
-289 -889 0
-289 -989 0
-291 -191 0
-291 -391 0
-291 -491 0
-291 -591 0
-291 -691 0
-291 -791 0
-291 -891 0
-291 -991 0
-292 -192 0
-292 -392 0
-292 -492 0
-292 -592 0
-292 -692 0
-292 -792 0
-292 -892 0
-292 -992 0
-293 -193 0
-293 -393 0
-293 -493 0
-293 -593 0
-293 -693 0
-293 -793 0
-293 -893 0
-293 -993 0
-294 -194 0
-294 -394 0
-294 -494 0
-294 -594 0
-294 -694 0
-294 -794 0
-294 -894 0
-294 -994 0
-295 -195 0
-295 -395 0
-295 -495 0
-295 -595 0
-295 -695 0
-295 -795 0
-295 -895 0
-295 -995 0
-296 -196 0
-296 -396 0
-296 -496 0
-296 -596 0
-296 -696 0
-296 -796 0
-296 -896 0
-296 -996 0
-297 -197 0
-297 -397 0
-297 -497 0
-297 -597 0
-297 -697 0
-297 -797 0
-297 -897 0
-297 -997 0
-298 -198 0
-298 -398 0
-298 -498 0
-298 -598 0
-298 -698 0
-298 -798 0
-298 -898 0
-298 -998 0
-299 -199 0
-299 -399 0
-299 -499 0
-299 -599 0
-299 -699 0
-299 -799 0
-299 -899 0
-299 -999 0
-311 -111 0
-311 -211 0
-311 -411 0
-311 -511 0
-311 -611 0
-311 -711 0
-311 -811 0
-311 -911 0
-312 -112 0
-312 -212 0
-312 -412 0
-312 -512 0
-312 -612 0
-312 -712 0
-312 -812 0
-312 -912 0
-313 -113 0
-313 -213 0
-313 -413 0
-313 -513 0
-313 -613 0
-313 -713 0
-313 -813 0
-313 -913 0
-314 -114 0
-314 -214 0
-314 -414 0
-314 -514 0
-314 -614 0
-314 -714 0
-314 -814 0
-314 -914 0
-315 -115 0
-315 -215 0
-315 -415 0
-315 -515 0
-315 -615 0
-315 -715 0
-315 -815 0
-315 -915 0
-316 -116 0
-316 -216 0
-316 -416 0
-316 -516 0
-316 -616 0
-316 -716 0
-316 -816 0
-316 -916 0
-317 -117 0
-317 -217 0
-317 -417 0
-317 -517 0
-317 -617 0
-317 -717 0
-317 -817 0
-317 -917 0
-318 -118 0
-318 -218 0
-318 -418 0
-318 -518 0
-318 -618 0
-318 -718 0
-318 -818 0
-318 -918 0
-319 -119 0
-319 -219 0
-319 -419 0
-319 -519 0
-319 -619 0
-319 -719 0
-319 -819 0
-319 -919 0
-321 -121 0
-321 -221 0
-321 -421 0
-321 -521 0
-321 -621 0
-321 -721 0
-321 -821 0
-321 -921 0
-322 -122 0
-322 -222 0
-322 -422 0
-322 -522 0
-322 -622 0
-322 -722 0
-322 -822 0
-322 -922 0
-323 -123 0
-323 -223 0
-323 -423 0
-323 -523 0
-323 -623 0
-323 -723 0
-323 -823 0
-323 -923 0
-324 -124 0
-324 -224 0
-324 -424 0
-324 -524 0
-324 -624 0
-324 -724 0
-324 -824 0
-324 -924 0
-325 -125 0
-325 -225 0
-325 -425 0
-325 -525 0
-325 -625 0
-325 -725 0
-325 -825 0
-325 -925 0
-326 -126 0
-326 -226 0
-326 -426 0
-326 -526 0
-326 -626 0
-326 -726 0
-326 -826 0
-326 -926 0
-327 -127 0
-327 -227 0
-327 -427 0
-327 -527 0
-327 -627 0
-327 -727 0
-327 -827 0
-327 -927 0
-328 -128 0
-328 -228 0
-328 -428 0
-328 -528 0
-328 -628 0
-328 -728 0
-328 -828 0
-328 -928 0
-329 -129 0
-329 -229 0
-329 -429 0
-329 -529 0
-329 -629 0
-329 -729 0
-329 -829 0
-329 -929 0
-331 -131 0
-331 -231 0
-331 -431 0
-331 -531 0
-331 -631 0
-331 -731 0
-331 -831 0
-331 -931 0
-332 -132 0
-332 -232 0
-332 -432 0
-332 -532 0
-332 -632 0
-332 -732 0
-332 -832 0
-332 -932 0
-333 -133 0
-333 -233 0
-333 -433 0
-333 -533 0
-333 -633 0
-333 -733 0
-333 -833 0
-333 -933 0
-334 -134 0
-334 -234 0
-334 -434 0
-334 -534 0
-334 -634 0
-334 -734 0
-334 -834 0
-334 -934 0
-335 -135 0
-335 -235 0
-335 -435 0
-335 -535 0
-335 -635 0
-335 -735 0
-335 -835 0
-335 -935 0
-336 -136 0
-336 -236 0
-336 -436 0
-336 -536 0
-336 -636 0
-336 -736 0
-336 -836 0
-336 -936 0
-337 -137 0
-337 -237 0
-337 -437 0
-337 -537 0
-337 -637 0
-337 -737 0
-337 -837 0
-337 -937 0
-338 -138 0
-338 -238 0
-338 -438 0
-338 -538 0
-338 -638 0
-338 -738 0
-338 -838 0
-338 -938 0
-339 -139 0
-339 -239 0
-339 -439 0
-339 -539 0
-339 -639 0
-339 -739 0
-339 -839 0
-339 -939 0
-341 -141 0
-341 -241 0
-341 -441 0
-341 -541 0
-341 -641 0
-341 -741 0
-341 -841 0
-341 -941 0
-342 -142 0
-342 -242 0
-342 -442 0
-342 -542 0
-342 -642 0
-342 -742 0
-342 -842 0
-342 -942 0
-343 -143 0
-343 -243 0
-343 -443 0
-343 -543 0
-343 -643 0
-343 -743 0
-343 -843 0
-343 -943 0
-344 -144 0
-344 -244 0
-344 -444 0
-344 -544 0
-344 -644 0
-344 -744 0
-344 -844 0
-344 -944 0
-345 -145 0
-345 -245 0
-345 -445 0
-345 -545 0
-345 -645 0
-345 -745 0
-345 -845 0
-345 -945 0
-346 -146 0
-346 -246 0
-346 -446 0
-346 -546 0
-346 -646 0
-346 -746 0
-346 -846 0
-346 -946 0
-347 -147 0
-347 -247 0
-347 -447 0
-347 -547 0
-347 -647 0
-347 -747 0
-347 -847 0
-347 -947 0
-348 -148 0
-348 -248 0
-348 -448 0
-348 -548 0
-348 -648 0
-348 -748 0
-348 -848 0
-348 -948 0
-349 -149 0
-349 -249 0
-349 -449 0
-349 -549 0
-349 -649 0
-349 -749 0
-349 -849 0
-349 -949 0
-351 -151 0
-351 -251 0
-351 -451 0
-351 -551 0
-351 -651 0
-351 -751 0
-351 -851 0
-351 -951 0
-352 -152 0
-352 -252 0
-352 -452 0
-352 -552 0
-352 -652 0
-352 -752 0
-352 -852 0
-352 -952 0
-353 -153 0
-353 -253 0
-353 -453 0
-353 -553 0
-353 -653 0
-353 -753 0
-353 -853 0
-353 -953 0
-354 -154 0
-354 -254 0
-354 -454 0
-354 -554 0
-354 -654 0
-354 -754 0
-354 -854 0
-354 -954 0
-355 -155 0
-355 -255 0
-355 -455 0
-355 -555 0
-355 -655 0
-355 -755 0
-355 -855 0
-355 -955 0
-356 -156 0
-356 -256 0
-356 -456 0
-356 -556 0
-356 -656 0
-356 -756 0
-356 -856 0
-356 -956 0
-357 -157 0
-357 -257 0
-357 -457 0
-357 -557 0
-357 -657 0
-357 -757 0
-357 -857 0
-357 -957 0
-358 -158 0
-358 -258 0
-358 -458 0
-358 -558 0
-358 -658 0
-358 -758 0
-358 -858 0
-358 -958 0
-359 -159 0
-359 -259 0
-359 -459 0
-359 -559 0
-359 -659 0
-359 -759 0
-359 -859 0
-359 -959 0
-361 -161 0
-361 -261 0
-361 -461 0
-361 -561 0
-361 -661 0
-361 -761 0
-361 -861 0
-361 -961 0
-362 -162 0
-362 -262 0
-362 -462 0
-362 -562 0
-362 -662 0
-362 -762 0
-362 -862 0
-362 -962 0
-363 -163 0
-363 -263 0
-363 -463 0
-363 -563 0
-363 -663 0
-363 -763 0
-363 -863 0
-363 -963 0
-364 -164 0
-364 -264 0
-364 -464 0
-364 -564 0
-364 -664 0
-364 -764 0
-364 -864 0
-364 -964 0
-365 -165 0
-365 -265 0
-365 -465 0
-365 -565 0
-365 -665 0
-365 -765 0
-365 -865 0
-365 -965 0
-366 -166 0
-366 -266 0
-366 -466 0
-366 -566 0
-366 -666 0
-366 -766 0
-366 -866 0
-366 -966 0
-367 -167 0
-367 -267 0
-367 -467 0
-367 -567 0
-367 -667 0
-367 -767 0
-367 -867 0
-367 -967 0
-368 -168 0
-368 -268 0
-368 -468 0
-368 -568 0
-368 -668 0
-368 -768 0
-368 -868 0
-368 -968 0
-369 -169 0
-369 -269 0
-369 -469 0
-369 -569 0
-369 -669 0
-369 -769 0
-369 -869 0
-369 -969 0
-371 -171 0
-371 -271 0
-371 -471 0
-371 -571 0
-371 -671 0
-371 -771 0
-371 -871 0
-371 -971 0
-372 -172 0
-372 -272 0
-372 -472 0
-372 -572 0
-372 -672 0
-372 -772 0
-372 -872 0
-372 -972 0
-373 -173 0
-373 -273 0
-373 -473 0
-373 -573 0
-373 -673 0
-373 -773 0
-373 -873 0
-373 -973 0
-374 -174 0
-374 -274 0
-374 -474 0
-374 -574 0
-374 -674 0
-374 -774 0
-374 -874 0
-374 -974 0
-375 -175 0
-375 -275 0
-375 -475 0
-375 -575 0
-375 -675 0
-375 -775 0
-375 -875 0
-375 -975 0
-376 -176 0
-376 -276 0
-376 -476 0
-376 -576 0
-376 -676 0
-376 -776 0
-376 -876 0
-376 -976 0
-377 -177 0
-377 -277 0
-377 -477 0
-377 -577 0
-377 -677 0
-377 -777 0
-377 -877 0
-377 -977 0
-378 -178 0
-378 -278 0
-378 -478 0
-378 -578 0
-378 -678 0
-378 -778 0
-378 -878 0
-378 -978 0
-379 -179 0
-379 -279 0
-379 -479 0
-379 -579 0
-379 -679 0
-379 -779 0
-379 -879 0
-379 -979 0
-381 -181 0
-381 -281 0
-381 -481 0
-381 -581 0
-381 -681 0
-381 -781 0
-381 -881 0
-381 -981 0
-382 -182 0
-382 -282 0
-382 -482 0
-382 -582 0
-382 -682 0
-382 -782 0
-382 -882 0
-382 -982 0
-383 -183 0
-383 -283 0
-383 -483 0
-383 -583 0
-383 -683 0
-383 -783 0
-383 -883 0
-383 -983 0
-384 -184 0
-384 -284 0
-384 -484 0
-384 -584 0
-384 -684 0
-384 -784 0
-384 -884 0
-384 -984 0
-385 -185 0
-385 -285 0
-385 -485 0
-385 -585 0
-385 -685 0
-385 -785 0
-385 -885 0
-385 -985 0
-386 -186 0
-386 -286 0
-386 -486 0
-386 -586 0
-386 -686 0
-386 -786 0
-386 -886 0
-386 -986 0
-387 -187 0
-387 -287 0
-387 -487 0
-387 -587 0
-387 -687 0
-387 -787 0
-387 -887 0
-387 -987 0
-388 -188 0
-388 -288 0
-388 -488 0
-388 -588 0
-388 -688 0
-388 -788 0
-388 -888 0
-388 -988 0
-389 -189 0
-389 -289 0
-389 -489 0
-389 -589 0
-389 -689 0
-389 -789 0
-389 -889 0
-389 -989 0
-391 -191 0
-391 -291 0
-391 -491 0
-391 -591 0
-391 -691 0
-391 -791 0
-391 -891 0
-391 -991 0
-392 -192 0
-392 -292 0
-392 -492 0
-392 -592 0
-392 -692 0
-392 -792 0
-392 -892 0
-392 -992 0
-393 -193 0
-393 -293 0
-393 -493 0
-393 -593 0
-393 -693 0
-393 -793 0
-393 -893 0
-393 -993 0
-394 -194 0
-394 -294 0
-394 -494 0
-394 -594 0
-394 -694 0
-394 -794 0
-394 -894 0
-394 -994 0
-395 -195 0
-395 -295 0
-395 -495 0
-395 -595 0
-395 -695 0
-395 -795 0
-395 -895 0
-395 -995 0
-396 -196 0
-396 -296 0
-396 -496 0
-396 -596 0
-396 -696 0
-396 -796 0
-396 -896 0
-396 -996 0
-397 -197 0
-397 -297 0
-397 -497 0
-397 -597 0
-397 -697 0
-397 -797 0
-397 -897 0
-397 -997 0
-398 -198 0
-398 -298 0
-398 -498 0
-398 -598 0
-398 -698 0
-398 -798 0
-398 -898 0
-398 -998 0
-399 -199 0
-399 -299 0
-399 -499 0
-399 -599 0
-399 -699 0
-399 -799 0
-399 -899 0
-399 -999 0
-411 -111 0
-411 -211 0
-411 -311 0
-411 -511 0
-411 -611 0
-411 -711 0
-411 -811 0
-411 -911 0
-412 -112 0
-412 -212 0
-412 -312 0
-412 -512 0
-412 -612 0
-412 -712 0
-412 -812 0
-412 -912 0
-413 -113 0
-413 -213 0
-413 -313 0
-413 -513 0
-413 -613 0
-413 -713 0
-413 -813 0
-413 -913 0
-414 -114 0
-414 -214 0
-414 -314 0
-414 -514 0
-414 -614 0
-414 -714 0
-414 -814 0
-414 -914 0
-415 -115 0
-415 -215 0
-415 -315 0
-415 -515 0
-415 -615 0
-415 -715 0
-415 -815 0
-415 -915 0
-416 -116 0
-416 -216 0
-416 -316 0
-416 -516 0
-416 -616 0
-416 -716 0
-416 -816 0
-416 -916 0
-417 -117 0
-417 -217 0
-417 -317 0
-417 -517 0
-417 -617 0
-417 -717 0
-417 -817 0
-417 -917 0
-418 -118 0
-418 -218 0
-418 -318 0
-418 -518 0
-418 -618 0
-418 -718 0
-418 -818 0
-418 -918 0
-419 -119 0
-419 -219 0
-419 -319 0
-419 -519 0
-419 -619 0
-419 -719 0
-419 -819 0
-419 -919 0
-421 -121 0
-421 -221 0
-421 -321 0
-421 -521 0
-421 -621 0
-421 -721 0
-421 -821 0
-421 -921 0
-422 -122 0
-422 -222 0
-422 -322 0
-422 -522 0
-422 -622 0
-422 -722 0
-422 -822 0
-422 -922 0
-423 -123 0
-423 -223 0
-423 -323 0
-423 -523 0
-423 -623 0
-423 -723 0
-423 -823 0
-423 -923 0
-424 -124 0
-424 -224 0
-424 -324 0
-424 -524 0
-424 -624 0
-424 -724 0
-424 -824 0
-424 -924 0
-425 -125 0
-425 -225 0
-425 -325 0
-425 -525 0
-425 -625 0
-425 -725 0
-425 -825 0
-425 -925 0
-426 -126 0
-426 -226 0
-426 -326 0
-426 -526 0
-426 -626 0
-426 -726 0
-426 -826 0
-426 -926 0
-427 -127 0
-427 -227 0
-427 -327 0
-427 -527 0
-427 -627 0
-427 -727 0
-427 -827 0
-427 -927 0
-428 -128 0
-428 -228 0
-428 -328 0
-428 -528 0
-428 -628 0
-428 -728 0
-428 -828 0
-428 -928 0
-429 -129 0
-429 -229 0
-429 -329 0
-429 -529 0
-429 -629 0
-429 -729 0
-429 -829 0
-429 -929 0
-431 -131 0
-431 -231 0
-431 -331 0
-431 -531 0
-431 -631 0
-431 -731 0
-431 -831 0
-431 -931 0
-432 -132 0
-432 -232 0
-432 -332 0
-432 -532 0
-432 -632 0
-432 -732 0
-432 -832 0
-432 -932 0
-433 -133 0
-433 -233 0
-433 -333 0
-433 -533 0
-433 -633 0
-433 -733 0
-433 -833 0
-433 -933 0
-434 -134 0
-434 -234 0
-434 -334 0
-434 -534 0
-434 -634 0
-434 -734 0
-434 -834 0
-434 -934 0
-435 -135 0
-435 -235 0
-435 -335 0
-435 -535 0
-435 -635 0
-435 -735 0
-435 -835 0
-435 -935 0
-436 -136 0
-436 -236 0
-436 -336 0
-436 -536 0
-436 -636 0
-436 -736 0
-436 -836 0
-436 -936 0
-437 -137 0
-437 -237 0
-437 -337 0
-437 -537 0
-437 -637 0
-437 -737 0
-437 -837 0
-437 -937 0
-438 -138 0
-438 -238 0
-438 -338 0
-438 -538 0
-438 -638 0
-438 -738 0
-438 -838 0
-438 -938 0
-439 -139 0
-439 -239 0
-439 -339 0
-439 -539 0
-439 -639 0
-439 -739 0
-439 -839 0
-439 -939 0
-441 -141 0
-441 -241 0
-441 -341 0
-441 -541 0
-441 -641 0
-441 -741 0
-441 -841 0
-441 -941 0
-442 -142 0
-442 -242 0
-442 -342 0
-442 -542 0
-442 -642 0
-442 -742 0
-442 -842 0
-442 -942 0
-443 -143 0
-443 -243 0
-443 -343 0
-443 -543 0
-443 -643 0
-443 -743 0
-443 -843 0
-443 -943 0
-444 -144 0
-444 -244 0
-444 -344 0
-444 -544 0
-444 -644 0
-444 -744 0
-444 -844 0
-444 -944 0
-445 -145 0
-445 -245 0
-445 -345 0
-445 -545 0
-445 -645 0
-445 -745 0
-445 -845 0
-445 -945 0
-446 -146 0
-446 -246 0
-446 -346 0
-446 -546 0
-446 -646 0
-446 -746 0
-446 -846 0
-446 -946 0
-447 -147 0
-447 -247 0
-447 -347 0
-447 -547 0
-447 -647 0
-447 -747 0
-447 -847 0
-447 -947 0
-448 -148 0
-448 -248 0
-448 -348 0
-448 -548 0
-448 -648 0
-448 -748 0
-448 -848 0
-448 -948 0
-449 -149 0
-449 -249 0
-449 -349 0
-449 -549 0
-449 -649 0
-449 -749 0
-449 -849 0
-449 -949 0
-451 -151 0
-451 -251 0
-451 -351 0
-451 -551 0
-451 -651 0
-451 -751 0
-451 -851 0
-451 -951 0
-452 -152 0
-452 -252 0
-452 -352 0
-452 -552 0
-452 -652 0
-452 -752 0
-452 -852 0
-452 -952 0
-453 -153 0
-453 -253 0
-453 -353 0
-453 -553 0
-453 -653 0
-453 -753 0
-453 -853 0
-453 -953 0
-454 -154 0
-454 -254 0
-454 -354 0
-454 -554 0
-454 -654 0
-454 -754 0
-454 -854 0
-454 -954 0
-455 -155 0
-455 -255 0
-455 -355 0
-455 -555 0
-455 -655 0
-455 -755 0
-455 -855 0
-455 -955 0
-456 -156 0
-456 -256 0
-456 -356 0
-456 -556 0
-456 -656 0
-456 -756 0
-456 -856 0
-456 -956 0
-457 -157 0
-457 -257 0
-457 -357 0
-457 -557 0
-457 -657 0
-457 -757 0
-457 -857 0
-457 -957 0
-458 -158 0
-458 -258 0
-458 -358 0
-458 -558 0
-458 -658 0
-458 -758 0
-458 -858 0
-458 -958 0
-459 -159 0
-459 -259 0
-459 -359 0
-459 -559 0
-459 -659 0
-459 -759 0
-459 -859 0
-459 -959 0
-461 -161 0
-461 -261 0
-461 -361 0
-461 -561 0
-461 -661 0
-461 -761 0
-461 -861 0
-461 -961 0
-462 -162 0
-462 -262 0
-462 -362 0
-462 -562 0
-462 -662 0
-462 -762 0
-462 -862 0
-462 -962 0
-463 -163 0
-463 -263 0
-463 -363 0
-463 -563 0
-463 -663 0
-463 -763 0
-463 -863 0
-463 -963 0
-464 -164 0
-464 -264 0
-464 -364 0
-464 -564 0
-464 -664 0
-464 -764 0
-464 -864 0
-464 -964 0
-465 -165 0
-465 -265 0
-465 -365 0
-465 -565 0
-465 -665 0
-465 -765 0
-465 -865 0
-465 -965 0
-466 -166 0
-466 -266 0
-466 -366 0
-466 -566 0
-466 -666 0
-466 -766 0
-466 -866 0
-466 -966 0
-467 -167 0
-467 -267 0
-467 -367 0
-467 -567 0
-467 -667 0
-467 -767 0
-467 -867 0
-467 -967 0
-468 -168 0
-468 -268 0
-468 -368 0
-468 -568 0
-468 -668 0
-468 -768 0
-468 -868 0
-468 -968 0
-469 -169 0
-469 -269 0
-469 -369 0
-469 -569 0
-469 -669 0
-469 -769 0
-469 -869 0
-469 -969 0
-471 -171 0
-471 -271 0
-471 -371 0
-471 -571 0
-471 -671 0
-471 -771 0
-471 -871 0
-471 -971 0
-472 -172 0
-472 -272 0
-472 -372 0
-472 -572 0
-472 -672 0
-472 -772 0
-472 -872 0
-472 -972 0
-473 -173 0
-473 -273 0
-473 -373 0
-473 -573 0
-473 -673 0
-473 -773 0
-473 -873 0
-473 -973 0
-474 -174 0
-474 -274 0
-474 -374 0
-474 -574 0
-474 -674 0
-474 -774 0
-474 -874 0
-474 -974 0
-475 -175 0
-475 -275 0
-475 -375 0
-475 -575 0
-475 -675 0
-475 -775 0
-475 -875 0
-475 -975 0
-476 -176 0
-476 -276 0
-476 -376 0
-476 -576 0
-476 -676 0
-476 -776 0
-476 -876 0
-476 -976 0
-477 -177 0
-477 -277 0
-477 -377 0
-477 -577 0
-477 -677 0
-477 -777 0
-477 -877 0
-477 -977 0
-478 -178 0
-478 -278 0
-478 -378 0
-478 -578 0
-478 -678 0
-478 -778 0
-478 -878 0
-478 -978 0
-479 -179 0
-479 -279 0
-479 -379 0
-479 -579 0
-479 -679 0
-479 -779 0
-479 -879 0
-479 -979 0
-481 -181 0
-481 -281 0
-481 -381 0
-481 -581 0
-481 -681 0
-481 -781 0
-481 -881 0
-481 -981 0
-482 -182 0
-482 -282 0
-482 -382 0
-482 -582 0
-482 -682 0
-482 -782 0
-482 -882 0
-482 -982 0
-483 -183 0
-483 -283 0
-483 -383 0
-483 -583 0
-483 -683 0
-483 -783 0
-483 -883 0
-483 -983 0
-484 -184 0
-484 -284 0
-484 -384 0
-484 -584 0
-484 -684 0
-484 -784 0
-484 -884 0
-484 -984 0
-485 -185 0
-485 -285 0
-485 -385 0
-485 -585 0
-485 -685 0
-485 -785 0
-485 -885 0
-485 -985 0
-486 -186 0
-486 -286 0
-486 -386 0
-486 -586 0
-486 -686 0
-486 -786 0
-486 -886 0
-486 -986 0
-487 -187 0
-487 -287 0
-487 -387 0
-487 -587 0
-487 -687 0
-487 -787 0
-487 -887 0
-487 -987 0
-488 -188 0
-488 -288 0
-488 -388 0
-488 -588 0
-488 -688 0
-488 -788 0
-488 -888 0
-488 -988 0
-489 -189 0
-489 -289 0
-489 -389 0
-489 -589 0
-489 -689 0
-489 -789 0
-489 -889 0
-489 -989 0
-491 -191 0
-491 -291 0
-491 -391 0
-491 -591 0
-491 -691 0
-491 -791 0
-491 -891 0
-491 -991 0
-492 -192 0
-492 -292 0
-492 -392 0
-492 -592 0
-492 -692 0
-492 -792 0
-492 -892 0
-492 -992 0
-493 -193 0
-493 -293 0
-493 -393 0
-493 -593 0
-493 -693 0
-493 -793 0
-493 -893 0
-493 -993 0
-494 -194 0
-494 -294 0
-494 -394 0
-494 -594 0
-494 -694 0
-494 -794 0
-494 -894 0
-494 -994 0
-495 -195 0
-495 -295 0
-495 -395 0
-495 -595 0
-495 -695 0
-495 -795 0
-495 -895 0
-495 -995 0
-496 -196 0
-496 -296 0
-496 -396 0
-496 -596 0
-496 -696 0
-496 -796 0
-496 -896 0
-496 -996 0
-497 -197 0
-497 -297 0
-497 -397 0
-497 -597 0
-497 -697 0
-497 -797 0
-497 -897 0
-497 -997 0
-498 -198 0
-498 -298 0
-498 -398 0
-498 -598 0
-498 -698 0
-498 -798 0
-498 -898 0
-498 -998 0
-499 -199 0
-499 -299 0
-499 -399 0
-499 -599 0
-499 -699 0
-499 -799 0
-499 -899 0
-499 -999 0
-511 -111 0
-511 -211 0
-511 -311 0
-511 -411 0
-511 -611 0
-511 -711 0
-511 -811 0
-511 -911 0
-512 -112 0
-512 -212 0
-512 -312 0
-512 -412 0
-512 -612 0
-512 -712 0
-512 -812 0
-512 -912 0
-513 -113 0
-513 -213 0
-513 -313 0
-513 -413 0
-513 -613 0
-513 -713 0
-513 -813 0
-513 -913 0
-514 -114 0
-514 -214 0
-514 -314 0
-514 -414 0
-514 -614 0
-514 -714 0
-514 -814 0
-514 -914 0
-515 -115 0
-515 -215 0
-515 -315 0
-515 -415 0
-515 -615 0
-515 -715 0
-515 -815 0
-515 -915 0
-516 -116 0
-516 -216 0
-516 -316 0
-516 -416 0
-516 -616 0
-516 -716 0
-516 -816 0
-516 -916 0
-517 -117 0
-517 -217 0
-517 -317 0
-517 -417 0
-517 -617 0
-517 -717 0
-517 -817 0
-517 -917 0
-518 -118 0
-518 -218 0
-518 -318 0
-518 -418 0
-518 -618 0
-518 -718 0
-518 -818 0
-518 -918 0
-519 -119 0
-519 -219 0
-519 -319 0
-519 -419 0
-519 -619 0
-519 -719 0
-519 -819 0
-519 -919 0
-521 -121 0
-521 -221 0
-521 -321 0
-521 -421 0
-521 -621 0
-521 -721 0
-521 -821 0
-521 -921 0
-522 -122 0
-522 -222 0
-522 -322 0
-522 -422 0
-522 -622 0
-522 -722 0
-522 -822 0
-522 -922 0
-523 -123 0
-523 -223 0
-523 -323 0
-523 -423 0
-523 -623 0
-523 -723 0
-523 -823 0
-523 -923 0
-524 -124 0
-524 -224 0
-524 -324 0
-524 -424 0
-524 -624 0
-524 -724 0
-524 -824 0
-524 -924 0
-525 -125 0
-525 -225 0
-525 -325 0
-525 -425 0
-525 -625 0
-525 -725 0
-525 -825 0
-525 -925 0
-526 -126 0
-526 -226 0
-526 -326 0
-526 -426 0
-526 -626 0
-526 -726 0
-526 -826 0
-526 -926 0
-527 -127 0
-527 -227 0
-527 -327 0
-527 -427 0
-527 -627 0
-527 -727 0
-527 -827 0
-527 -927 0
-528 -128 0
-528 -228 0
-528 -328 0
-528 -428 0
-528 -628 0
-528 -728 0
-528 -828 0
-528 -928 0
-529 -129 0
-529 -229 0
-529 -329 0
-529 -429 0
-529 -629 0
-529 -729 0
-529 -829 0
-529 -929 0
-531 -131 0
-531 -231 0
-531 -331 0
-531 -431 0
-531 -631 0
-531 -731 0
-531 -831 0
-531 -931 0
-532 -132 0
-532 -232 0
-532 -332 0
-532 -432 0
-532 -632 0
-532 -732 0
-532 -832 0
-532 -932 0
-533 -133 0
-533 -233 0
-533 -333 0
-533 -433 0
-533 -633 0
-533 -733 0
-533 -833 0
-533 -933 0
-534 -134 0
-534 -234 0
-534 -334 0
-534 -434 0
-534 -634 0
-534 -734 0
-534 -834 0
-534 -934 0
-535 -135 0
-535 -235 0
-535 -335 0
-535 -435 0
-535 -635 0
-535 -735 0
-535 -835 0
-535 -935 0
-536 -136 0
-536 -236 0
-536 -336 0
-536 -436 0
-536 -636 0
-536 -736 0
-536 -836 0
-536 -936 0
-537 -137 0
-537 -237 0
-537 -337 0
-537 -437 0
-537 -637 0
-537 -737 0
-537 -837 0
-537 -937 0
-538 -138 0
-538 -238 0
-538 -338 0
-538 -438 0
-538 -638 0
-538 -738 0
-538 -838 0
-538 -938 0
-539 -139 0
-539 -239 0
-539 -339 0
-539 -439 0
-539 -639 0
-539 -739 0
-539 -839 0
-539 -939 0
-541 -141 0
-541 -241 0
-541 -341 0
-541 -441 0
-541 -641 0
-541 -741 0
-541 -841 0
-541 -941 0
-542 -142 0
-542 -242 0
-542 -342 0
-542 -442 0
-542 -642 0
-542 -742 0
-542 -842 0
-542 -942 0
-543 -143 0
-543 -243 0
-543 -343 0
-543 -443 0
-543 -643 0
-543 -743 0
-543 -843 0
-543 -943 0
-544 -144 0
-544 -244 0
-544 -344 0
-544 -444 0
-544 -644 0
-544 -744 0
-544 -844 0
-544 -944 0
-545 -145 0
-545 -245 0
-545 -345 0
-545 -445 0
-545 -645 0
-545 -745 0
-545 -845 0
-545 -945 0
-546 -146 0
-546 -246 0
-546 -346 0
-546 -446 0
-546 -646 0
-546 -746 0
-546 -846 0
-546 -946 0
-547 -147 0
-547 -247 0
-547 -347 0
-547 -447 0
-547 -647 0
-547 -747 0
-547 -847 0
-547 -947 0
-548 -148 0
-548 -248 0
-548 -348 0
-548 -448 0
-548 -648 0
-548 -748 0
-548 -848 0
-548 -948 0
-549 -149 0
-549 -249 0
-549 -349 0
-549 -449 0
-549 -649 0
-549 -749 0
-549 -849 0
-549 -949 0
-551 -151 0
-551 -251 0
-551 -351 0
-551 -451 0
-551 -651 0
-551 -751 0
-551 -851 0
-551 -951 0
-552 -152 0
-552 -252 0
-552 -352 0
-552 -452 0
-552 -652 0
-552 -752 0
-552 -852 0
-552 -952 0
-553 -153 0
-553 -253 0
-553 -353 0
-553 -453 0
-553 -653 0
-553 -753 0
-553 -853 0
-553 -953 0
-554 -154 0
-554 -254 0
-554 -354 0
-554 -454 0
-554 -654 0
-554 -754 0
-554 -854 0
-554 -954 0
-555 -155 0
-555 -255 0
-555 -355 0
-555 -455 0
-555 -655 0
-555 -755 0
-555 -855 0
-555 -955 0
-556 -156 0
-556 -256 0
-556 -356 0
-556 -456 0
-556 -656 0
-556 -756 0
-556 -856 0
-556 -956 0
-557 -157 0
-557 -257 0
-557 -357 0
-557 -457 0
-557 -657 0
-557 -757 0
-557 -857 0
-557 -957 0
-558 -158 0
-558 -258 0
-558 -358 0
-558 -458 0
-558 -658 0
-558 -758 0
-558 -858 0
-558 -958 0
-559 -159 0
-559 -259 0
-559 -359 0
-559 -459 0
-559 -659 0
-559 -759 0
-559 -859 0
-559 -959 0
-561 -161 0
-561 -261 0
-561 -361 0
-561 -461 0
-561 -661 0
-561 -761 0
-561 -861 0
-561 -961 0
-562 -162 0
-562 -262 0
-562 -362 0
-562 -462 0
-562 -662 0
-562 -762 0
-562 -862 0
-562 -962 0
-563 -163 0
-563 -263 0
-563 -363 0
-563 -463 0
-563 -663 0
-563 -763 0
-563 -863 0
-563 -963 0
-564 -164 0
-564 -264 0
-564 -364 0
-564 -464 0
-564 -664 0
-564 -764 0
-564 -864 0
-564 -964 0
-565 -165 0
-565 -265 0
-565 -365 0
-565 -465 0
-565 -665 0
-565 -765 0
-565 -865 0
-565 -965 0
-566 -166 0
-566 -266 0
-566 -366 0
-566 -466 0
-566 -666 0
-566 -766 0
-566 -866 0
-566 -966 0
-567 -167 0
-567 -267 0
-567 -367 0
-567 -467 0
-567 -667 0
-567 -767 0
-567 -867 0
-567 -967 0
-568 -168 0
-568 -268 0
-568 -368 0
-568 -468 0
-568 -668 0
-568 -768 0
-568 -868 0
-568 -968 0
-569 -169 0
-569 -269 0
-569 -369 0
-569 -469 0
-569 -669 0
-569 -769 0
-569 -869 0
-569 -969 0
-571 -171 0
-571 -271 0
-571 -371 0
-571 -471 0
-571 -671 0
-571 -771 0
-571 -871 0
-571 -971 0
-572 -172 0
-572 -272 0
-572 -372 0
-572 -472 0
-572 -672 0
-572 -772 0
-572 -872 0
-572 -972 0
-573 -173 0
-573 -273 0
-573 -373 0
-573 -473 0
-573 -673 0
-573 -773 0
-573 -873 0
-573 -973 0
-574 -174 0
-574 -274 0
-574 -374 0
-574 -474 0
-574 -674 0
-574 -774 0
-574 -874 0
-574 -974 0
-575 -175 0
-575 -275 0
-575 -375 0
-575 -475 0
-575 -675 0
-575 -775 0
-575 -875 0
-575 -975 0
-576 -176 0
-576 -276 0
-576 -376 0
-576 -476 0
-576 -676 0
-576 -776 0
-576 -876 0
-576 -976 0
-577 -177 0
-577 -277 0
-577 -377 0
-577 -477 0
-577 -677 0
-577 -777 0
-577 -877 0
-577 -977 0
-578 -178 0
-578 -278 0
-578 -378 0
-578 -478 0
-578 -678 0
-578 -778 0
-578 -878 0
-578 -978 0
-579 -179 0
-579 -279 0
-579 -379 0
-579 -479 0
-579 -679 0
-579 -779 0
-579 -879 0
-579 -979 0
-581 -181 0
-581 -281 0
-581 -381 0
-581 -481 0
-581 -681 0
-581 -781 0
-581 -881 0
-581 -981 0
-582 -182 0
-582 -282 0
-582 -382 0
-582 -482 0
-582 -682 0
-582 -782 0
-582 -882 0
-582 -982 0
-583 -183 0
-583 -283 0
-583 -383 0
-583 -483 0
-583 -683 0
-583 -783 0
-583 -883 0
-583 -983 0
-584 -184 0
-584 -284 0
-584 -384 0
-584 -484 0
-584 -684 0
-584 -784 0
-584 -884 0
-584 -984 0
-585 -185 0
-585 -285 0
-585 -385 0
-585 -485 0
-585 -685 0
-585 -785 0
-585 -885 0
-585 -985 0
-586 -186 0
-586 -286 0
-586 -386 0
-586 -486 0
-586 -686 0
-586 -786 0
-586 -886 0
-586 -986 0
-587 -187 0
-587 -287 0
-587 -387 0
-587 -487 0
-587 -687 0
-587 -787 0
-587 -887 0
-587 -987 0
-588 -188 0
-588 -288 0
-588 -388 0
-588 -488 0
-588 -688 0
-588 -788 0
-588 -888 0
-588 -988 0
-589 -189 0
-589 -289 0
-589 -389 0
-589 -489 0
-589 -689 0
-589 -789 0
-589 -889 0
-589 -989 0
-591 -191 0
-591 -291 0
-591 -391 0
-591 -491 0
-591 -691 0
-591 -791 0
-591 -891 0
-591 -991 0
-592 -192 0
-592 -292 0
-592 -392 0
-592 -492 0
-592 -692 0
-592 -792 0
-592 -892 0
-592 -992 0
-593 -193 0
-593 -293 0
-593 -393 0
-593 -493 0
-593 -693 0
-593 -793 0
-593 -893 0
-593 -993 0
-594 -194 0
-594 -294 0
-594 -394 0
-594 -494 0
-594 -694 0
-594 -794 0
-594 -894 0
-594 -994 0
-595 -195 0
-595 -295 0
-595 -395 0
-595 -495 0
-595 -695 0
-595 -795 0
-595 -895 0
-595 -995 0
-596 -196 0
-596 -296 0
-596 -396 0
-596 -496 0
-596 -696 0
-596 -796 0
-596 -896 0
-596 -996 0
-597 -197 0
-597 -297 0
-597 -397 0
-597 -497 0
-597 -697 0
-597 -797 0
-597 -897 0
-597 -997 0
-598 -198 0
-598 -298 0
-598 -398 0
-598 -498 0
-598 -698 0
-598 -798 0
-598 -898 0
-598 -998 0
-599 -199 0
-599 -299 0
-599 -399 0
-599 -499 0
-599 -699 0
-599 -799 0
-599 -899 0
-599 -999 0
-611 -111 0
-611 -211 0
-611 -311 0
-611 -411 0
-611 -511 0
-611 -711 0
-611 -811 0
-611 -911 0
-612 -112 0
-612 -212 0
-612 -312 0
-612 -412 0
-612 -512 0
-612 -712 0
-612 -812 0
-612 -912 0
-613 -113 0
-613 -213 0
-613 -313 0
-613 -413 0
-613 -513 0
-613 -713 0
-613 -813 0
-613 -913 0
-614 -114 0
-614 -214 0
-614 -314 0
-614 -414 0
-614 -514 0
-614 -714 0
-614 -814 0
-614 -914 0
-615 -115 0
-615 -215 0
-615 -315 0
-615 -415 0
-615 -515 0
-615 -715 0
-615 -815 0
-615 -915 0
-616 -116 0
-616 -216 0
-616 -316 0
-616 -416 0
-616 -516 0
-616 -716 0
-616 -816 0
-616 -916 0
-617 -117 0
-617 -217 0
-617 -317 0
-617 -417 0
-617 -517 0
-617 -717 0
-617 -817 0
-617 -917 0
-618 -118 0
-618 -218 0
-618 -318 0
-618 -418 0
-618 -518 0
-618 -718 0
-618 -818 0
-618 -918 0
-619 -119 0
-619 -219 0
-619 -319 0
-619 -419 0
-619 -519 0
-619 -719 0
-619 -819 0
-619 -919 0
-621 -121 0
-621 -221 0
-621 -321 0
-621 -421 0
-621 -521 0
-621 -721 0
-621 -821 0
-621 -921 0
-622 -122 0
-622 -222 0
-622 -322 0
-622 -422 0
-622 -522 0
-622 -722 0
-622 -822 0
-622 -922 0
-623 -123 0
-623 -223 0
-623 -323 0
-623 -423 0
-623 -523 0
-623 -723 0
-623 -823 0
-623 -923 0
-624 -124 0
-624 -224 0
-624 -324 0
-624 -424 0
-624 -524 0
-624 -724 0
-624 -824 0
-624 -924 0
-625 -125 0
-625 -225 0
-625 -325 0
-625 -425 0
-625 -525 0
-625 -725 0
-625 -825 0
-625 -925 0
-626 -126 0
-626 -226 0
-626 -326 0
-626 -426 0
-626 -526 0
-626 -726 0
-626 -826 0
-626 -926 0
-627 -127 0
-627 -227 0
-627 -327 0
-627 -427 0
-627 -527 0
-627 -727 0
-627 -827 0
-627 -927 0
-628 -128 0
-628 -228 0
-628 -328 0
-628 -428 0
-628 -528 0
-628 -728 0
-628 -828 0
-628 -928 0
-629 -129 0
-629 -229 0
-629 -329 0
-629 -429 0
-629 -529 0
-629 -729 0
-629 -829 0
-629 -929 0
-631 -131 0
-631 -231 0
-631 -331 0
-631 -431 0
-631 -531 0
-631 -731 0
-631 -831 0
-631 -931 0
-632 -132 0
-632 -232 0
-632 -332 0
-632 -432 0
-632 -532 0
-632 -732 0
-632 -832 0
-632 -932 0
-633 -133 0
-633 -233 0
-633 -333 0
-633 -433 0
-633 -533 0
-633 -733 0
-633 -833 0
-633 -933 0
-634 -134 0
-634 -234 0
-634 -334 0
-634 -434 0
-634 -534 0
-634 -734 0
-634 -834 0
-634 -934 0
-635 -135 0
-635 -235 0
-635 -335 0
-635 -435 0
-635 -535 0
-635 -735 0
-635 -835 0
-635 -935 0
-636 -136 0
-636 -236 0
-636 -336 0
-636 -436 0
-636 -536 0
-636 -736 0
-636 -836 0
-636 -936 0
-637 -137 0
-637 -237 0
-637 -337 0
-637 -437 0
-637 -537 0
-637 -737 0
-637 -837 0
-637 -937 0
-638 -138 0
-638 -238 0
-638 -338 0
-638 -438 0
-638 -538 0
-638 -738 0
-638 -838 0
-638 -938 0
-639 -139 0
-639 -239 0
-639 -339 0
-639 -439 0
-639 -539 0
-639 -739 0
-639 -839 0
-639 -939 0
-641 -141 0
-641 -241 0
-641 -341 0
-641 -441 0
-641 -541 0
-641 -741 0
-641 -841 0
-641 -941 0
-642 -142 0
-642 -242 0
-642 -342 0
-642 -442 0
-642 -542 0
-642 -742 0
-642 -842 0
-642 -942 0
-643 -143 0
-643 -243 0
-643 -343 0
-643 -443 0
-643 -543 0
-643 -743 0
-643 -843 0
-643 -943 0
-644 -144 0
-644 -244 0
-644 -344 0
-644 -444 0
-644 -544 0
-644 -744 0
-644 -844 0
-644 -944 0
-645 -145 0
-645 -245 0
-645 -345 0
-645 -445 0
-645 -545 0
-645 -745 0
-645 -845 0
-645 -945 0
-646 -146 0
-646 -246 0
-646 -346 0
-646 -446 0
-646 -546 0
-646 -746 0
-646 -846 0
-646 -946 0
-647 -147 0
-647 -247 0
-647 -347 0
-647 -447 0
-647 -547 0
-647 -747 0
-647 -847 0
-647 -947 0
-648 -148 0
-648 -248 0
-648 -348 0
-648 -448 0
-648 -548 0
-648 -748 0
-648 -848 0
-648 -948 0
-649 -149 0
-649 -249 0
-649 -349 0
-649 -449 0
-649 -549 0
-649 -749 0
-649 -849 0
-649 -949 0
-651 -151 0
-651 -251 0
-651 -351 0
-651 -451 0
-651 -551 0
-651 -751 0
-651 -851 0
-651 -951 0
-652 -152 0
-652 -252 0
-652 -352 0
-652 -452 0
-652 -552 0
-652 -752 0
-652 -852 0
-652 -952 0
-653 -153 0
-653 -253 0
-653 -353 0
-653 -453 0
-653 -553 0
-653 -753 0
-653 -853 0
-653 -953 0
-654 -154 0
-654 -254 0
-654 -354 0
-654 -454 0
-654 -554 0
-654 -754 0
-654 -854 0
-654 -954 0
-655 -155 0
-655 -255 0
-655 -355 0
-655 -455 0
-655 -555 0
-655 -755 0
-655 -855 0
-655 -955 0
-656 -156 0
-656 -256 0
-656 -356 0
-656 -456 0
-656 -556 0
-656 -756 0
-656 -856 0
-656 -956 0
-657 -157 0
-657 -257 0
-657 -357 0
-657 -457 0
-657 -557 0
-657 -757 0
-657 -857 0
-657 -957 0
-658 -158 0
-658 -258 0
-658 -358 0
-658 -458 0
-658 -558 0
-658 -758 0
-658 -858 0
-658 -958 0
-659 -159 0
-659 -259 0
-659 -359 0
-659 -459 0
-659 -559 0
-659 -759 0
-659 -859 0
-659 -959 0
-661 -161 0
-661 -261 0
-661 -361 0
-661 -461 0
-661 -561 0
-661 -761 0
-661 -861 0
-661 -961 0
-662 -162 0
-662 -262 0
-662 -362 0
-662 -462 0
-662 -562 0
-662 -762 0
-662 -862 0
-662 -962 0
-663 -163 0
-663 -263 0
-663 -363 0
-663 -463 0
-663 -563 0
-663 -763 0
-663 -863 0
-663 -963 0
-664 -164 0
-664 -264 0
-664 -364 0
-664 -464 0
-664 -564 0
-664 -764 0
-664 -864 0
-664 -964 0
-665 -165 0
-665 -265 0
-665 -365 0
-665 -465 0
-665 -565 0
-665 -765 0
-665 -865 0
-665 -965 0
-666 -166 0
-666 -266 0
-666 -366 0
-666 -466 0
-666 -566 0
-666 -766 0
-666 -866 0
-666 -966 0
-667 -167 0
-667 -267 0
-667 -367 0
-667 -467 0
-667 -567 0
-667 -767 0
-667 -867 0
-667 -967 0
-668 -168 0
-668 -268 0
-668 -368 0
-668 -468 0
-668 -568 0
-668 -768 0
-668 -868 0
-668 -968 0
-669 -169 0
-669 -269 0
-669 -369 0
-669 -469 0
-669 -569 0
-669 -769 0
-669 -869 0
-669 -969 0
-671 -171 0
-671 -271 0
-671 -371 0
-671 -471 0
-671 -571 0
-671 -771 0
-671 -871 0
-671 -971 0
-672 -172 0
-672 -272 0
-672 -372 0
-672 -472 0
-672 -572 0
-672 -772 0
-672 -872 0
-672 -972 0
-673 -173 0
-673 -273 0
-673 -373 0
-673 -473 0
-673 -573 0
-673 -773 0
-673 -873 0
-673 -973 0
-674 -174 0
-674 -274 0
-674 -374 0
-674 -474 0
-674 -574 0
-674 -774 0
-674 -874 0
-674 -974 0
-675 -175 0
-675 -275 0
-675 -375 0
-675 -475 0
-675 -575 0
-675 -775 0
-675 -875 0
-675 -975 0
-676 -176 0
-676 -276 0
-676 -376 0
-676 -476 0
-676 -576 0
-676 -776 0
-676 -876 0
-676 -976 0
-677 -177 0
-677 -277 0
-677 -377 0
-677 -477 0
-677 -577 0
-677 -777 0
-677 -877 0
-677 -977 0
-678 -178 0
-678 -278 0
-678 -378 0
-678 -478 0
-678 -578 0
-678 -778 0
-678 -878 0
-678 -978 0
-679 -179 0
-679 -279 0
-679 -379 0
-679 -479 0
-679 -579 0
-679 -779 0
-679 -879 0
-679 -979 0
-681 -181 0
-681 -281 0
-681 -381 0
-681 -481 0
-681 -581 0
-681 -781 0
-681 -881 0
-681 -981 0
-682 -182 0
-682 -282 0
-682 -382 0
-682 -482 0
-682 -582 0
-682 -782 0
-682 -882 0
-682 -982 0
-683 -183 0
-683 -283 0
-683 -383 0
-683 -483 0
-683 -583 0
-683 -783 0
-683 -883 0
-683 -983 0
-684 -184 0
-684 -284 0
-684 -384 0
-684 -484 0
-684 -584 0
-684 -784 0
-684 -884 0
-684 -984 0
-685 -185 0
-685 -285 0
-685 -385 0
-685 -485 0
-685 -585 0
-685 -785 0
-685 -885 0
-685 -985 0
-686 -186 0
-686 -286 0
-686 -386 0
-686 -486 0
-686 -586 0
-686 -786 0
-686 -886 0
-686 -986 0
-687 -187 0
-687 -287 0
-687 -387 0
-687 -487 0
-687 -587 0
-687 -787 0
-687 -887 0
-687 -987 0
-688 -188 0
-688 -288 0
-688 -388 0
-688 -488 0
-688 -588 0
-688 -788 0
-688 -888 0
-688 -988 0
-689 -189 0
-689 -289 0
-689 -389 0
-689 -489 0
-689 -589 0
-689 -789 0
-689 -889 0
-689 -989 0
-691 -191 0
-691 -291 0
-691 -391 0
-691 -491 0
-691 -591 0
-691 -791 0
-691 -891 0
-691 -991 0
-692 -192 0
-692 -292 0
-692 -392 0
-692 -492 0
-692 -592 0
-692 -792 0
-692 -892 0
-692 -992 0
-693 -193 0
-693 -293 0
-693 -393 0
-693 -493 0
-693 -593 0
-693 -793 0
-693 -893 0
-693 -993 0
-694 -194 0
-694 -294 0
-694 -394 0
-694 -494 0
-694 -594 0
-694 -794 0
-694 -894 0
-694 -994 0
-695 -195 0
-695 -295 0
-695 -395 0
-695 -495 0
-695 -595 0
-695 -795 0
-695 -895 0
-695 -995 0
-696 -196 0
-696 -296 0
-696 -396 0
-696 -496 0
-696 -596 0
-696 -796 0
-696 -896 0
-696 -996 0
-697 -197 0
-697 -297 0
-697 -397 0
-697 -497 0
-697 -597 0
-697 -797 0
-697 -897 0
-697 -997 0
-698 -198 0
-698 -298 0
-698 -398 0
-698 -498 0
-698 -598 0
-698 -798 0
-698 -898 0
-698 -998 0
-699 -199 0
-699 -299 0
-699 -399 0
-699 -499 0
-699 -599 0
-699 -799 0
-699 -899 0
-699 -999 0
-711 -111 0
-711 -211 0
-711 -311 0
-711 -411 0
-711 -511 0
-711 -611 0
-711 -811 0
-711 -911 0
-712 -112 0
-712 -212 0
-712 -312 0
-712 -412 0
-712 -512 0
-712 -612 0
-712 -812 0
-712 -912 0
-713 -113 0
-713 -213 0
-713 -313 0
-713 -413 0
-713 -513 0
-713 -613 0
-713 -813 0
-713 -913 0
-714 -114 0
-714 -214 0
-714 -314 0
-714 -414 0
-714 -514 0
-714 -614 0
-714 -814 0
-714 -914 0
-715 -115 0
-715 -215 0
-715 -315 0
-715 -415 0
-715 -515 0
-715 -615 0
-715 -815 0
-715 -915 0
-716 -116 0
-716 -216 0
-716 -316 0
-716 -416 0
-716 -516 0
-716 -616 0
-716 -816 0
-716 -916 0
-717 -117 0
-717 -217 0
-717 -317 0
-717 -417 0
-717 -517 0
-717 -617 0
-717 -817 0
-717 -917 0
-718 -118 0
-718 -218 0
-718 -318 0
-718 -418 0
-718 -518 0
-718 -618 0
-718 -818 0
-718 -918 0
-719 -119 0
-719 -219 0
-719 -319 0
-719 -419 0
-719 -519 0
-719 -619 0
-719 -819 0
-719 -919 0
-721 -121 0
-721 -221 0
-721 -321 0
-721 -421 0
-721 -521 0
-721 -621 0
-721 -821 0
-721 -921 0
-722 -122 0
-722 -222 0
-722 -322 0
-722 -422 0
-722 -522 0
-722 -622 0
-722 -822 0
-722 -922 0
-723 -123 0
-723 -223 0
-723 -323 0
-723 -423 0
-723 -523 0
-723 -623 0
-723 -823 0
-723 -923 0
-724 -124 0
-724 -224 0
-724 -324 0
-724 -424 0
-724 -524 0
-724 -624 0
-724 -824 0
-724 -924 0
-725 -125 0
-725 -225 0
-725 -325 0
-725 -425 0
-725 -525 0
-725 -625 0
-725 -825 0
-725 -925 0
-726 -126 0
-726 -226 0
-726 -326 0
-726 -426 0
-726 -526 0
-726 -626 0
-726 -826 0
-726 -926 0
-727 -127 0
-727 -227 0
-727 -327 0
-727 -427 0
-727 -527 0
-727 -627 0
-727 -827 0
-727 -927 0
-728 -128 0
-728 -228 0
-728 -328 0
-728 -428 0
-728 -528 0
-728 -628 0
-728 -828 0
-728 -928 0
-729 -129 0
-729 -229 0
-729 -329 0
-729 -429 0
-729 -529 0
-729 -629 0
-729 -829 0
-729 -929 0
-731 -131 0
-731 -231 0
-731 -331 0
-731 -431 0
-731 -531 0
-731 -631 0
-731 -831 0
-731 -931 0
-732 -132 0
-732 -232 0
-732 -332 0
-732 -432 0
-732 -532 0
-732 -632 0
-732 -832 0
-732 -932 0
-733 -133 0
-733 -233 0
-733 -333 0
-733 -433 0
-733 -533 0
-733 -633 0
-733 -833 0
-733 -933 0
-734 -134 0
-734 -234 0
-734 -334 0
-734 -434 0
-734 -534 0
-734 -634 0
-734 -834 0
-734 -934 0
-735 -135 0
-735 -235 0
-735 -335 0
-735 -435 0
-735 -535 0
-735 -635 0
-735 -835 0
-735 -935 0
-736 -136 0
-736 -236 0
-736 -336 0
-736 -436 0
-736 -536 0
-736 -636 0
-736 -836 0
-736 -936 0
-737 -137 0
-737 -237 0
-737 -337 0
-737 -437 0
-737 -537 0
-737 -637 0
-737 -837 0
-737 -937 0
-738 -138 0
-738 -238 0
-738 -338 0
-738 -438 0
-738 -538 0
-738 -638 0
-738 -838 0
-738 -938 0
-739 -139 0
-739 -239 0
-739 -339 0
-739 -439 0
-739 -539 0
-739 -639 0
-739 -839 0
-739 -939 0
-741 -141 0
-741 -241 0
-741 -341 0
-741 -441 0
-741 -541 0
-741 -641 0
-741 -841 0
-741 -941 0
-742 -142 0
-742 -242 0
-742 -342 0
-742 -442 0
-742 -542 0
-742 -642 0
-742 -842 0
-742 -942 0
-743 -143 0
-743 -243 0
-743 -343 0
-743 -443 0
-743 -543 0
-743 -643 0
-743 -843 0
-743 -943 0
-744 -144 0
-744 -244 0
-744 -344 0
-744 -444 0
-744 -544 0
-744 -644 0
-744 -844 0
-744 -944 0
-745 -145 0
-745 -245 0
-745 -345 0
-745 -445 0
-745 -545 0
-745 -645 0
-745 -845 0
-745 -945 0
-746 -146 0
-746 -246 0
-746 -346 0
-746 -446 0
-746 -546 0
-746 -646 0
-746 -846 0
-746 -946 0
-747 -147 0
-747 -247 0
-747 -347 0
-747 -447 0
-747 -547 0
-747 -647 0
-747 -847 0
-747 -947 0
-748 -148 0
-748 -248 0
-748 -348 0
-748 -448 0
-748 -548 0
-748 -648 0
-748 -848 0
-748 -948 0
-749 -149 0
-749 -249 0
-749 -349 0
-749 -449 0
-749 -549 0
-749 -649 0
-749 -849 0
-749 -949 0
-751 -151 0
-751 -251 0
-751 -351 0
-751 -451 0
-751 -551 0
-751 -651 0
-751 -851 0
-751 -951 0
-752 -152 0
-752 -252 0
-752 -352 0
-752 -452 0
-752 -552 0
-752 -652 0
-752 -852 0
-752 -952 0
-753 -153 0
-753 -253 0
-753 -353 0
-753 -453 0
-753 -553 0
-753 -653 0
-753 -853 0
-753 -953 0
-754 -154 0
-754 -254 0
-754 -354 0
-754 -454 0
-754 -554 0
-754 -654 0
-754 -854 0
-754 -954 0
-755 -155 0
-755 -255 0
-755 -355 0
-755 -455 0
-755 -555 0
-755 -655 0
-755 -855 0
-755 -955 0
-756 -156 0
-756 -256 0
-756 -356 0
-756 -456 0
-756 -556 0
-756 -656 0
-756 -856 0
-756 -956 0
-757 -157 0
-757 -257 0
-757 -357 0
-757 -457 0
-757 -557 0
-757 -657 0
-757 -857 0
-757 -957 0
-758 -158 0
-758 -258 0
-758 -358 0
-758 -458 0
-758 -558 0
-758 -658 0
-758 -858 0
-758 -958 0
-759 -159 0
-759 -259 0
-759 -359 0
-759 -459 0
-759 -559 0
-759 -659 0
-759 -859 0
-759 -959 0
-761 -161 0
-761 -261 0
-761 -361 0
-761 -461 0
-761 -561 0
-761 -661 0
-761 -861 0
-761 -961 0
-762 -162 0
-762 -262 0
-762 -362 0
-762 -462 0
-762 -562 0
-762 -662 0
-762 -862 0
-762 -962 0
-763 -163 0
-763 -263 0
-763 -363 0
-763 -463 0
-763 -563 0
-763 -663 0
-763 -863 0
-763 -963 0
-764 -164 0
-764 -264 0
-764 -364 0
-764 -464 0
-764 -564 0
-764 -664 0
-764 -864 0
-764 -964 0
-765 -165 0
-765 -265 0
-765 -365 0
-765 -465 0
-765 -565 0
-765 -665 0
-765 -865 0
-765 -965 0
-766 -166 0
-766 -266 0
-766 -366 0
-766 -466 0
-766 -566 0
-766 -666 0
-766 -866 0
-766 -966 0
-767 -167 0
-767 -267 0
-767 -367 0
-767 -467 0
-767 -567 0
-767 -667 0
-767 -867 0
-767 -967 0
-768 -168 0
-768 -268 0
-768 -368 0
-768 -468 0
-768 -568 0
-768 -668 0
-768 -868 0
-768 -968 0
-769 -169 0
-769 -269 0
-769 -369 0
-769 -469 0
-769 -569 0
-769 -669 0
-769 -869 0
-769 -969 0
-771 -171 0
-771 -271 0
-771 -371 0
-771 -471 0
-771 -571 0
-771 -671 0
-771 -871 0
-771 -971 0
-772 -172 0
-772 -272 0
-772 -372 0
-772 -472 0
-772 -572 0
-772 -672 0
-772 -872 0
-772 -972 0
-773 -173 0
-773 -273 0
-773 -373 0
-773 -473 0
-773 -573 0
-773 -673 0
-773 -873 0
-773 -973 0
-774 -174 0
-774 -274 0
-774 -374 0
-774 -474 0
-774 -574 0
-774 -674 0
-774 -874 0
-774 -974 0
-775 -175 0
-775 -275 0
-775 -375 0
-775 -475 0
-775 -575 0
-775 -675 0
-775 -875 0
-775 -975 0
-776 -176 0
-776 -276 0
-776 -376 0
-776 -476 0
-776 -576 0
-776 -676 0
-776 -876 0
-776 -976 0
-777 -177 0
-777 -277 0
-777 -377 0
-777 -477 0
-777 -577 0
-777 -677 0
-777 -877 0
-777 -977 0
-778 -178 0
-778 -278 0
-778 -378 0
-778 -478 0
-778 -578 0
-778 -678 0
-778 -878 0
-778 -978 0
-779 -179 0
-779 -279 0
-779 -379 0
-779 -479 0
-779 -579 0
-779 -679 0
-779 -879 0
-779 -979 0
-781 -181 0
-781 -281 0
-781 -381 0
-781 -481 0
-781 -581 0
-781 -681 0
-781 -881 0
-781 -981 0
-782 -182 0
-782 -282 0
-782 -382 0
-782 -482 0
-782 -582 0
-782 -682 0
-782 -882 0
-782 -982 0
-783 -183 0
-783 -283 0
-783 -383 0
-783 -483 0
-783 -583 0
-783 -683 0
-783 -883 0
-783 -983 0
-784 -184 0
-784 -284 0
-784 -384 0
-784 -484 0
-784 -584 0
-784 -684 0
-784 -884 0
-784 -984 0
-785 -185 0
-785 -285 0
-785 -385 0
-785 -485 0
-785 -585 0
-785 -685 0
-785 -885 0
-785 -985 0
-786 -186 0
-786 -286 0
-786 -386 0
-786 -486 0
-786 -586 0
-786 -686 0
-786 -886 0
-786 -986 0
-787 -187 0
-787 -287 0
-787 -387 0
-787 -487 0
-787 -587 0
-787 -687 0
-787 -887 0
-787 -987 0
-788 -188 0
-788 -288 0
-788 -388 0
-788 -488 0
-788 -588 0
-788 -688 0
-788 -888 0
-788 -988 0
-789 -189 0
-789 -289 0
-789 -389 0
-789 -489 0
-789 -589 0
-789 -689 0
-789 -889 0
-789 -989 0
-791 -191 0
-791 -291 0
-791 -391 0
-791 -491 0
-791 -591 0
-791 -691 0
-791 -891 0
-791 -991 0
-792 -192 0
-792 -292 0
-792 -392 0
-792 -492 0
-792 -592 0
-792 -692 0
-792 -892 0
-792 -992 0
-793 -193 0
-793 -293 0
-793 -393 0
-793 -493 0
-793 -593 0
-793 -693 0
-793 -893 0
-793 -993 0
-794 -194 0
-794 -294 0
-794 -394 0
-794 -494 0
-794 -594 0
-794 -694 0
-794 -894 0
-794 -994 0
-795 -195 0
-795 -295 0
-795 -395 0
-795 -495 0
-795 -595 0
-795 -695 0
-795 -895 0
-795 -995 0
-796 -196 0
-796 -296 0
-796 -396 0
-796 -496 0
-796 -596 0
-796 -696 0
-796 -896 0
-796 -996 0
-797 -197 0
-797 -297 0
-797 -397 0
-797 -497 0
-797 -597 0
-797 -697 0
-797 -897 0
-797 -997 0
-798 -198 0
-798 -298 0
-798 -398 0
-798 -498 0
-798 -598 0
-798 -698 0
-798 -898 0
-798 -998 0
-799 -199 0
-799 -299 0
-799 -399 0
-799 -499 0
-799 -599 0
-799 -699 0
-799 -899 0
-799 -999 0
-811 -111 0
-811 -211 0
-811 -311 0
-811 -411 0
-811 -511 0
-811 -611 0
-811 -711 0
-811 -911 0
-812 -112 0
-812 -212 0
-812 -312 0
-812 -412 0
-812 -512 0
-812 -612 0
-812 -712 0
-812 -912 0
-813 -113 0
-813 -213 0
-813 -313 0
-813 -413 0
-813 -513 0
-813 -613 0
-813 -713 0
-813 -913 0
-814 -114 0
-814 -214 0
-814 -314 0
-814 -414 0
-814 -514 0
-814 -614 0
-814 -714 0
-814 -914 0
-815 -115 0
-815 -215 0
-815 -315 0
-815 -415 0
-815 -515 0
-815 -615 0
-815 -715 0
-815 -915 0
-816 -116 0
-816 -216 0
-816 -316 0
-816 -416 0
-816 -516 0
-816 -616 0
-816 -716 0
-816 -916 0
-817 -117 0
-817 -217 0
-817 -317 0
-817 -417 0
-817 -517 0
-817 -617 0
-817 -717 0
-817 -917 0
-818 -118 0
-818 -218 0
-818 -318 0
-818 -418 0
-818 -518 0
-818 -618 0
-818 -718 0
-818 -918 0
-819 -119 0
-819 -219 0
-819 -319 0
-819 -419 0
-819 -519 0
-819 -619 0
-819 -719 0
-819 -919 0
-821 -121 0
-821 -221 0
-821 -321 0
-821 -421 0
-821 -521 0
-821 -621 0
-821 -721 0
-821 -921 0
-822 -122 0
-822 -222 0
-822 -322 0
-822 -422 0
-822 -522 0
-822 -622 0
-822 -722 0
-822 -922 0
-823 -123 0
-823 -223 0
-823 -323 0
-823 -423 0
-823 -523 0
-823 -623 0
-823 -723 0
-823 -923 0
-824 -124 0
-824 -224 0
-824 -324 0
-824 -424 0
-824 -524 0
-824 -624 0
-824 -724 0
-824 -924 0
-825 -125 0
-825 -225 0
-825 -325 0
-825 -425 0
-825 -525 0
-825 -625 0
-825 -725 0
-825 -925 0
-826 -126 0
-826 -226 0
-826 -326 0
-826 -426 0
-826 -526 0
-826 -626 0
-826 -726 0
-826 -926 0
-827 -127 0
-827 -227 0
-827 -327 0
-827 -427 0
-827 -527 0
-827 -627 0
-827 -727 0
-827 -927 0
-828 -128 0
-828 -228 0
-828 -328 0
-828 -428 0
-828 -528 0
-828 -628 0
-828 -728 0
-828 -928 0
-829 -129 0
-829 -229 0
-829 -329 0
-829 -429 0
-829 -529 0
-829 -629 0
-829 -729 0
-829 -929 0
-831 -131 0
-831 -231 0
-831 -331 0
-831 -431 0
-831 -531 0
-831 -631 0
-831 -731 0
-831 -931 0
-832 -132 0
-832 -232 0
-832 -332 0
-832 -432 0
-832 -532 0
-832 -632 0
-832 -732 0
-832 -932 0
-833 -133 0
-833 -233 0
-833 -333 0
-833 -433 0
-833 -533 0
-833 -633 0
-833 -733 0
-833 -933 0
-834 -134 0
-834 -234 0
-834 -334 0
-834 -434 0
-834 -534 0
-834 -634 0
-834 -734 0
-834 -934 0
-835 -135 0
-835 -235 0
-835 -335 0
-835 -435 0
-835 -535 0
-835 -635 0
-835 -735 0
-835 -935 0
-836 -136 0
-836 -236 0
-836 -336 0
-836 -436 0
-836 -536 0
-836 -636 0
-836 -736 0
-836 -936 0
-837 -137 0
-837 -237 0
-837 -337 0
-837 -437 0
-837 -537 0
-837 -637 0
-837 -737 0
-837 -937 0
-838 -138 0
-838 -238 0
-838 -338 0
-838 -438 0
-838 -538 0
-838 -638 0
-838 -738 0
-838 -938 0
-839 -139 0
-839 -239 0
-839 -339 0
-839 -439 0
-839 -539 0
-839 -639 0
-839 -739 0
-839 -939 0
-841 -141 0
-841 -241 0
-841 -341 0
-841 -441 0
-841 -541 0
-841 -641 0
-841 -741 0
-841 -941 0
-842 -142 0
-842 -242 0
-842 -342 0
-842 -442 0
-842 -542 0
-842 -642 0
-842 -742 0
-842 -942 0
-843 -143 0
-843 -243 0
-843 -343 0
-843 -443 0
-843 -543 0
-843 -643 0
-843 -743 0
-843 -943 0
-844 -144 0
-844 -244 0
-844 -344 0
-844 -444 0
-844 -544 0
-844 -644 0
-844 -744 0
-844 -944 0
-845 -145 0
-845 -245 0
-845 -345 0
-845 -445 0
-845 -545 0
-845 -645 0
-845 -745 0
-845 -945 0
-846 -146 0
-846 -246 0
-846 -346 0
-846 -446 0
-846 -546 0
-846 -646 0
-846 -746 0
-846 -946 0
-847 -147 0
-847 -247 0
-847 -347 0
-847 -447 0
-847 -547 0
-847 -647 0
-847 -747 0
-847 -947 0
-848 -148 0
-848 -248 0
-848 -348 0
-848 -448 0
-848 -548 0
-848 -648 0
-848 -748 0
-848 -948 0
-849 -149 0
-849 -249 0
-849 -349 0
-849 -449 0
-849 -549 0
-849 -649 0
-849 -749 0
-849 -949 0
-851 -151 0
-851 -251 0
-851 -351 0
-851 -451 0
-851 -551 0
-851 -651 0
-851 -751 0
-851 -951 0
-852 -152 0
-852 -252 0
-852 -352 0
-852 -452 0
-852 -552 0
-852 -652 0
-852 -752 0
-852 -952 0
-853 -153 0
-853 -253 0
-853 -353 0
-853 -453 0
-853 -553 0
-853 -653 0
-853 -753 0
-853 -953 0
-854 -154 0
-854 -254 0
-854 -354 0
-854 -454 0
-854 -554 0
-854 -654 0
-854 -754 0
-854 -954 0
-855 -155 0
-855 -255 0
-855 -355 0
-855 -455 0
-855 -555 0
-855 -655 0
-855 -755 0
-855 -955 0
-856 -156 0
-856 -256 0
-856 -356 0
-856 -456 0
-856 -556 0
-856 -656 0
-856 -756 0
-856 -956 0
-857 -157 0
-857 -257 0
-857 -357 0
-857 -457 0
-857 -557 0
-857 -657 0
-857 -757 0
-857 -957 0
-858 -158 0
-858 -258 0
-858 -358 0
-858 -458 0
-858 -558 0
-858 -658 0
-858 -758 0
-858 -958 0
-859 -159 0
-859 -259 0
-859 -359 0
-859 -459 0
-859 -559 0
-859 -659 0
-859 -759 0
-859 -959 0
-861 -161 0
-861 -261 0
-861 -361 0
-861 -461 0
-861 -561 0
-861 -661 0
-861 -761 0
-861 -961 0
-862 -162 0
-862 -262 0
-862 -362 0
-862 -462 0
-862 -562 0
-862 -662 0
-862 -762 0
-862 -962 0
-863 -163 0
-863 -263 0
-863 -363 0
-863 -463 0
-863 -563 0
-863 -663 0
-863 -763 0
-863 -963 0
-864 -164 0
-864 -264 0
-864 -364 0
-864 -464 0
-864 -564 0
-864 -664 0
-864 -764 0
-864 -964 0
-865 -165 0
-865 -265 0
-865 -365 0
-865 -465 0
-865 -565 0
-865 -665 0
-865 -765 0
-865 -965 0
-866 -166 0
-866 -266 0
-866 -366 0
-866 -466 0
-866 -566 0
-866 -666 0
-866 -766 0
-866 -966 0
-867 -167 0
-867 -267 0
-867 -367 0
-867 -467 0
-867 -567 0
-867 -667 0
-867 -767 0
-867 -967 0
-868 -168 0
-868 -268 0
-868 -368 0
-868 -468 0
-868 -568 0
-868 -668 0
-868 -768 0
-868 -968 0
-869 -169 0
-869 -269 0
-869 -369 0
-869 -469 0
-869 -569 0
-869 -669 0
-869 -769 0
-869 -969 0
-871 -171 0
-871 -271 0
-871 -371 0
-871 -471 0
-871 -571 0
-871 -671 0
-871 -771 0
-871 -971 0
-872 -172 0
-872 -272 0
-872 -372 0
-872 -472 0
-872 -572 0
-872 -672 0
-872 -772 0
-872 -972 0
-873 -173 0
-873 -273 0
-873 -373 0
-873 -473 0
-873 -573 0
-873 -673 0
-873 -773 0
-873 -973 0
-874 -174 0
-874 -274 0
-874 -374 0
-874 -474 0
-874 -574 0
-874 -674 0
-874 -774 0
-874 -974 0
-875 -175 0
-875 -275 0
-875 -375 0
-875 -475 0
-875 -575 0
-875 -675 0
-875 -775 0
-875 -975 0
-876 -176 0
-876 -276 0
-876 -376 0
-876 -476 0
-876 -576 0
-876 -676 0
-876 -776 0
-876 -976 0
-877 -177 0
-877 -277 0
-877 -377 0
-877 -477 0
-877 -577 0
-877 -677 0
-877 -777 0
-877 -977 0
-878 -178 0
-878 -278 0
-878 -378 0
-878 -478 0
-878 -578 0
-878 -678 0
-878 -778 0
-878 -978 0
-879 -179 0
-879 -279 0
-879 -379 0
-879 -479 0
-879 -579 0
-879 -679 0
-879 -779 0
-879 -979 0
-881 -181 0
-881 -281 0
-881 -381 0
-881 -481 0
-881 -581 0
-881 -681 0
-881 -781 0
-881 -981 0
-882 -182 0
-882 -282 0
-882 -382 0
-882 -482 0
-882 -582 0
-882 -682 0
-882 -782 0
-882 -982 0
-883 -183 0
-883 -283 0
-883 -383 0
-883 -483 0
-883 -583 0
-883 -683 0
-883 -783 0
-883 -983 0
-884 -184 0
-884 -284 0
-884 -384 0
-884 -484 0
-884 -584 0
-884 -684 0
-884 -784 0
-884 -984 0
-885 -185 0
-885 -285 0
-885 -385 0
-885 -485 0
-885 -585 0
-885 -685 0
-885 -785 0
-885 -985 0
-886 -186 0
-886 -286 0
-886 -386 0
-886 -486 0
-886 -586 0
-886 -686 0
-886 -786 0
-886 -986 0
-887 -187 0
-887 -287 0
-887 -387 0
-887 -487 0
-887 -587 0
-887 -687 0
-887 -787 0
-887 -987 0
-888 -188 0
-888 -288 0
-888 -388 0
-888 -488 0
-888 -588 0
-888 -688 0
-888 -788 0
-888 -988 0
-889 -189 0
-889 -289 0
-889 -389 0
-889 -489 0
-889 -589 0
-889 -689 0
-889 -789 0
-889 -989 0
-891 -191 0
-891 -291 0
-891 -391 0
-891 -491 0
-891 -591 0
-891 -691 0
-891 -791 0
-891 -991 0
-892 -192 0
-892 -292 0
-892 -392 0
-892 -492 0
-892 -592 0
-892 -692 0
-892 -792 0
-892 -992 0
-893 -193 0
-893 -293 0
-893 -393 0
-893 -493 0
-893 -593 0
-893 -693 0
-893 -793 0
-893 -993 0
-894 -194 0
-894 -294 0
-894 -394 0
-894 -494 0
-894 -594 0
-894 -694 0
-894 -794 0
-894 -994 0
-895 -195 0
-895 -295 0
-895 -395 0
-895 -495 0
-895 -595 0
-895 -695 0
-895 -795 0
-895 -995 0
-896 -196 0
-896 -296 0
-896 -396 0
-896 -496 0
-896 -596 0
-896 -696 0
-896 -796 0
-896 -996 0
-897 -197 0
-897 -297 0
-897 -397 0
-897 -497 0
-897 -597 0
-897 -697 0
-897 -797 0
-897 -997 0
-898 -198 0
-898 -298 0
-898 -398 0
-898 -498 0
-898 -598 0
-898 -698 0
-898 -798 0
-898 -998 0
-899 -199 0
-899 -299 0
-899 -399 0
-899 -499 0
-899 -599 0
-899 -699 0
-899 -799 0
-899 -999 0
-911 -111 0
-911 -211 0
-911 -311 0
-911 -411 0
-911 -511 0
-911 -611 0
-911 -711 0
-911 -811 0
-912 -112 0
-912 -212 0
-912 -312 0
-912 -412 0
-912 -512 0
-912 -612 0
-912 -712 0
-912 -812 0
-913 -113 0
-913 -213 0
-913 -313 0
-913 -413 0
-913 -513 0
-913 -613 0
-913 -713 0
-913 -813 0
-914 -114 0
-914 -214 0
-914 -314 0
-914 -414 0
-914 -514 0
-914 -614 0
-914 -714 0
-914 -814 0
-915 -115 0
-915 -215 0
-915 -315 0
-915 -415 0
-915 -515 0
-915 -615 0
-915 -715 0
-915 -815 0
-916 -116 0
-916 -216 0
-916 -316 0
-916 -416 0
-916 -516 0
-916 -616 0
-916 -716 0
-916 -816 0
-917 -117 0
-917 -217 0
-917 -317 0
-917 -417 0
-917 -517 0
-917 -617 0
-917 -717 0
-917 -817 0
-918 -118 0
-918 -218 0
-918 -318 0
-918 -418 0
-918 -518 0
-918 -618 0
-918 -718 0
-918 -818 0
-919 -119 0
-919 -219 0
-919 -319 0
-919 -419 0
-919 -519 0
-919 -619 0
-919 -719 0
-919 -819 0
-921 -121 0
-921 -221 0
-921 -321 0
-921 -421 0
-921 -521 0
-921 -621 0
-921 -721 0
-921 -821 0
-922 -122 0
-922 -222 0
-922 -322 0
-922 -422 0
-922 -522 0
-922 -622 0
-922 -722 0
-922 -822 0
-923 -123 0
-923 -223 0
-923 -323 0
-923 -423 0
-923 -523 0
-923 -623 0
-923 -723 0
-923 -823 0
-924 -124 0
-924 -224 0
-924 -324 0
-924 -424 0
-924 -524 0
-924 -624 0
-924 -724 0
-924 -824 0
-925 -125 0
-925 -225 0
-925 -325 0
-925 -425 0
-925 -525 0
-925 -625 0
-925 -725 0
-925 -825 0
-926 -126 0
-926 -226 0
-926 -326 0
-926 -426 0
-926 -526 0
-926 -626 0
-926 -726 0
-926 -826 0
-927 -127 0
-927 -227 0
-927 -327 0
-927 -427 0
-927 -527 0
-927 -627 0
-927 -727 0
-927 -827 0
-928 -128 0
-928 -228 0
-928 -328 0
-928 -428 0
-928 -528 0
-928 -628 0
-928 -728 0
-928 -828 0
-929 -129 0
-929 -229 0
-929 -329 0
-929 -429 0
-929 -529 0
-929 -629 0
-929 -729 0
-929 -829 0
-931 -131 0
-931 -231 0
-931 -331 0
-931 -431 0
-931 -531 0
-931 -631 0
-931 -731 0
-931 -831 0
-932 -132 0
-932 -232 0
-932 -332 0
-932 -432 0
-932 -532 0
-932 -632 0
-932 -732 0
-932 -832 0
-933 -133 0
-933 -233 0
-933 -333 0
-933 -433 0
-933 -533 0
-933 -633 0
-933 -733 0
-933 -833 0
-934 -134 0
-934 -234 0
-934 -334 0
-934 -434 0
-934 -534 0
-934 -634 0
-934 -734 0
-934 -834 0
-935 -135 0
-935 -235 0
-935 -335 0
-935 -435 0
-935 -535 0
-935 -635 0
-935 -735 0
-935 -835 0
-936 -136 0
-936 -236 0
-936 -336 0
-936 -436 0
-936 -536 0
-936 -636 0
-936 -736 0
-936 -836 0
-937 -137 0
-937 -237 0
-937 -337 0
-937 -437 0
-937 -537 0
-937 -637 0
-937 -737 0
-937 -837 0
-938 -138 0
-938 -238 0
-938 -338 0
-938 -438 0
-938 -538 0
-938 -638 0
-938 -738 0
-938 -838 0
-939 -139 0
-939 -239 0
-939 -339 0
-939 -439 0
-939 -539 0
-939 -639 0
-939 -739 0
-939 -839 0
-941 -141 0
-941 -241 0
-941 -341 0
-941 -441 0
-941 -541 0
-941 -641 0
-941 -741 0
-941 -841 0
-942 -142 0
-942 -242 0
-942 -342 0
-942 -442 0
-942 -542 0
-942 -642 0
-942 -742 0
-942 -842 0
-943 -143 0
-943 -243 0
-943 -343 0
-943 -443 0
-943 -543 0
-943 -643 0
-943 -743 0
-943 -843 0
-944 -144 0
-944 -244 0
-944 -344 0
-944 -444 0
-944 -544 0
-944 -644 0
-944 -744 0
-944 -844 0
-945 -145 0
-945 -245 0
-945 -345 0
-945 -445 0
-945 -545 0
-945 -645 0
-945 -745 0
-945 -845 0
-946 -146 0
-946 -246 0
-946 -346 0
-946 -446 0
-946 -546 0
-946 -646 0
-946 -746 0
-946 -846 0
-947 -147 0
-947 -247 0
-947 -347 0
-947 -447 0
-947 -547 0
-947 -647 0
-947 -747 0
-947 -847 0
-948 -148 0
-948 -248 0
-948 -348 0
-948 -448 0
-948 -548 0
-948 -648 0
-948 -748 0
-948 -848 0
-949 -149 0
-949 -249 0
-949 -349 0
-949 -449 0
-949 -549 0
-949 -649 0
-949 -749 0
-949 -849 0
-951 -151 0
-951 -251 0
-951 -351 0
-951 -451 0
-951 -551 0
-951 -651 0
-951 -751 0
-951 -851 0
-952 -152 0
-952 -252 0
-952 -352 0
-952 -452 0
-952 -552 0
-952 -652 0
-952 -752 0
-952 -852 0
-953 -153 0
-953 -253 0
-953 -353 0
-953 -453 0
-953 -553 0
-953 -653 0
-953 -753 0
-953 -853 0
-954 -154 0
-954 -254 0
-954 -354 0
-954 -454 0
-954 -554 0
-954 -654 0
-954 -754 0
-954 -854 0
-955 -155 0
-955 -255 0
-955 -355 0
-955 -455 0
-955 -555 0
-955 -655 0
-955 -755 0
-955 -855 0
-956 -156 0
-956 -256 0
-956 -356 0
-956 -456 0
-956 -556 0
-956 -656 0
-956 -756 0
-956 -856 0
-957 -157 0
-957 -257 0
-957 -357 0
-957 -457 0
-957 -557 0
-957 -657 0
-957 -757 0
-957 -857 0
-958 -158 0
-958 -258 0
-958 -358 0
-958 -458 0
-958 -558 0
-958 -658 0
-958 -758 0
-958 -858 0
-959 -159 0
-959 -259 0
-959 -359 0
-959 -459 0
-959 -559 0
-959 -659 0
-959 -759 0
-959 -859 0
-961 -161 0
-961 -261 0
-961 -361 0
-961 -461 0
-961 -561 0
-961 -661 0
-961 -761 0
-961 -861 0
-962 -162 0
-962 -262 0
-962 -362 0
-962 -462 0
-962 -562 0
-962 -662 0
-962 -762 0
-962 -862 0
-963 -163 0
-963 -263 0
-963 -363 0
-963 -463 0
-963 -563 0
-963 -663 0
-963 -763 0
-963 -863 0
-964 -164 0
-964 -264 0
-964 -364 0
-964 -464 0
-964 -564 0
-964 -664 0
-964 -764 0
-964 -864 0
-965 -165 0
-965 -265 0
-965 -365 0
-965 -465 0
-965 -565 0
-965 -665 0
-965 -765 0
-965 -865 0
-966 -166 0
-966 -266 0
-966 -366 0
-966 -466 0
-966 -566 0
-966 -666 0
-966 -766 0
-966 -866 0
-967 -167 0
-967 -267 0
-967 -367 0
-967 -467 0
-967 -567 0
-967 -667 0
-967 -767 0
-967 -867 0
-968 -168 0
-968 -268 0
-968 -368 0
-968 -468 0
-968 -568 0
-968 -668 0
-968 -768 0
-968 -868 0
-969 -169 0
-969 -269 0
-969 -369 0
-969 -469 0
-969 -569 0
-969 -669 0
-969 -769 0
-969 -869 0
-971 -171 0
-971 -271 0
-971 -371 0
-971 -471 0
-971 -571 0
-971 -671 0
-971 -771 0
-971 -871 0
-972 -172 0
-972 -272 0
-972 -372 0
-972 -472 0
-972 -572 0
-972 -672 0
-972 -772 0
-972 -872 0
-973 -173 0
-973 -273 0
-973 -373 0
-973 -473 0
-973 -573 0
-973 -673 0
-973 -773 0
-973 -873 0
-974 -174 0
-974 -274 0
-974 -374 0
-974 -474 0
-974 -574 0
-974 -674 0
-974 -774 0
-974 -874 0
-975 -175 0
-975 -275 0
-975 -375 0
-975 -475 0
-975 -575 0
-975 -675 0
-975 -775 0
-975 -875 0
-976 -176 0
-976 -276 0
-976 -376 0
-976 -476 0
-976 -576 0
-976 -676 0
-976 -776 0
-976 -876 0
-977 -177 0
-977 -277 0
-977 -377 0
-977 -477 0
-977 -577 0
-977 -677 0
-977 -777 0
-977 -877 0
-978 -178 0
-978 -278 0
-978 -378 0
-978 -478 0
-978 -578 0
-978 -678 0
-978 -778 0
-978 -878 0
-979 -179 0
-979 -279 0
-979 -379 0
-979 -479 0
-979 -579 0
-979 -679 0
-979 -779 0
-979 -879 0
-981 -181 0
-981 -281 0
-981 -381 0
-981 -481 0
-981 -581 0
-981 -681 0
-981 -781 0
-981 -881 0
-982 -182 0
-982 -282 0
-982 -382 0
-982 -482 0
-982 -582 0
-982 -682 0
-982 -782 0
-982 -882 0
-983 -183 0
-983 -283 0
-983 -383 0
-983 -483 0
-983 -583 0
-983 -683 0
-983 -783 0
-983 -883 0
-984 -184 0
-984 -284 0
-984 -384 0
-984 -484 0
-984 -584 0
-984 -684 0
-984 -784 0
-984 -884 0
-985 -185 0
-985 -285 0
-985 -385 0
-985 -485 0
-985 -585 0
-985 -685 0
-985 -785 0
-985 -885 0
-986 -186 0
-986 -286 0
-986 -386 0
-986 -486 0
-986 -586 0
-986 -686 0
-986 -786 0
-986 -886 0
-987 -187 0
-987 -287 0
-987 -387 0
-987 -487 0
-987 -587 0
-987 -687 0
-987 -787 0
-987 -887 0
-988 -188 0
-988 -288 0
-988 -388 0
-988 -488 0
-988 -588 0
-988 -688 0
-988 -788 0
-988 -888 0
-989 -189 0
-989 -289 0
-989 -389 0
-989 -489 0
-989 -589 0
-989 -689 0
-989 -789 0
-989 -889 0
-991 -191 0
-991 -291 0
-991 -391 0
-991 -491 0
-991 -591 0
-991 -691 0
-991 -791 0
-991 -891 0
-992 -192 0
-992 -292 0
-992 -392 0
-992 -492 0
-992 -592 0
-992 -692 0
-992 -792 0
-992 -892 0
-993 -193 0
-993 -293 0
-993 -393 0
-993 -493 0
-993 -593 0
-993 -693 0
-993 -793 0
-993 -893 0
-994 -194 0
-994 -294 0
-994 -394 0
-994 -494 0
-994 -594 0
-994 -694 0
-994 -794 0
-994 -894 0
-995 -195 0
-995 -295 0
-995 -395 0
-995 -495 0
-995 -595 0
-995 -695 0
-995 -795 0
-995 -895 0
-996 -196 0
-996 -296 0
-996 -396 0
-996 -496 0
-996 -596 0
-996 -696 0
-996 -796 0
-996 -896 0
-997 -197 0
-997 -297 0
-997 -397 0
-997 -497 0
-997 -597 0
-997 -697 0
-997 -797 0
-997 -897 0
-998 -198 0
-998 -298 0
-998 -398 0
-998 -498 0
-998 -598 0
-998 -698 0
-998 -798 0
-998 -898 0
-999 -199 0
-999 -299 0
-999 -399 0
-999 -499 0
-999 -599 0
-999 -699 0
-999 -799 0
-999 -899 0
111 112 113 121 122 123 131 132 133 0
211 212 213 221 222 223 231 232 233 0
311 312 313 321 322 323 331 332 333 0
411 412 413 421 422 423 431 432 433 0
511 512 513 521 522 523 531 532 533 0
611 612 613 621 622 623 631 632 633 0
711 712 713 721 722 723 731 732 733 0
811 812 813 821 822 823 831 832 833 0
911 912 913 921 922 923 931 932 933 0
141 142 143 151 152 153 161 162 163 0
241 242 243 251 252 253 261 262 263 0
341 342 343 351 352 353 361 362 363 0
441 442 443 451 452 453 461 462 463 0
541 542 543 551 552 553 561 562 563 0
641 642 643 651 652 653 661 662 663 0
741 742 743 751 752 753 761 762 763 0
841 842 843 851 852 853 861 862 863 0
941 942 943 951 952 953 961 962 963 0
171 172 173 181 182 183 191 192 193 0
271 272 273 281 282 283 291 292 293 0
371 372 373 381 382 383 391 392 393 0
471 472 473 481 482 483 491 492 493 0
571 572 573 581 582 583 591 592 593 0
671 672 673 681 682 683 691 692 693 0
771 772 773 781 782 783 791 792 793 0
871 872 873 881 882 883 891 892 893 0
971 972 973 981 982 983 991 992 993 0
114 115 116 124 125 126 134 135 136 0
214 215 216 224 225 226 234 235 236 0
314 315 316 324 325 326 334 335 336 0
414 415 416 424 425 426 434 435 436 0
514 515 516 524 525 526 534 535 536 0
614 615 616 624 625 626 634 635 636 0
714 715 716 724 725 726 734 735 736 0
814 815 816 824 825 826 834 835 836 0
914 915 916 924 925 926 934 935 936 0
144 145 146 154 155 156 164 165 166 0
244 245 246 254 255 256 264 265 266 0
344 345 346 354 355 356 364 365 366 0
444 445 446 454 455 456 464 465 466 0
544 545 546 554 555 556 564 565 566 0
644 645 646 654 655 656 664 665 666 0
744 745 746 754 755 756 764 765 766 0
844 845 846 854 855 856 864 865 866 0
944 945 946 954 955 956 964 965 966 0
174 175 176 184 185 186 194 195 196 0
274 275 276 284 285 286 294 295 296 0
374 375 376 384 385 386 394 395 396 0
474 475 476 484 485 486 494 495 496 0
574 575 576 584 585 586 594 595 596 0
674 675 676 684 685 686 694 695 696 0
774 775 776 784 785 786 794 795 796 0
874 875 876 884 885 886 894 895 896 0
974 975 976 984 985 986 994 995 996 0
117 118 119 127 128 129 137 138 139 0
217 218 219 227 228 229 237 238 239 0
317 318 319 327 328 329 337 338 339 0
417 418 419 427 428 429 437 438 439 0
517 518 519 527 528 529 537 538 539 0
617 618 619 627 628 629 637 638 639 0
717 718 719 727 728 729 737 738 739 0
817 818 819 827 828 829 837 838 839 0
917 918 919 927 928 929 937 938 939 0
147 148 149 157 158 159 167 168 169 0
247 248 249 257 258 259 267 268 269 0
347 348 349 357 358 359 367 368 369 0
447 448 449 457 458 459 467 468 469 0
547 548 549 557 558 559 567 568 569 0
647 648 649 657 658 659 667 668 669 0
747 748 749 757 758 759 767 768 769 0
847 848 849 857 858 859 867 868 869 0
947 948 949 957 958 959 967 968 969 0
177 178 179 187 188 189 197 198 199 0
277 278 279 287 288 289 297 298 299 0
377 378 379 387 388 389 397 398 399 0
477 478 479 487 488 489 497 498 499 0
577 578 579 587 588 589 597 598 599 0
677 678 679 687 688 689 697 698 699 0
777 778 779 787 788 789 797 798 799 0
877 878 879 887 888 889 897 898 899 0
977 978 979 987 988 989 997 998 999 0
111 0
219 0
391 0
499 0
